attitude_roll,attitude_pitch,attitude_yaw,rotationRate_x,rotationRate_y,rotationRate_z,acceleration_x,acceleration_y,acceleration_z
0.0168369,0.225769,-0.00190879,-0.324078,-0.398135,0.143048,-0.0420742,-0.0395719,-0.068683
0.00832661,0.219037,0.000323747,-0.332745,-0.365945,0.0679237,-0.041056,-0.0369369,-0.152955
0.00282381,0.213306,0.00131466,-0.230683,-0.157381,0.039945,-0.0193156,-0.0165944,-0.197686
0.00172244,0.209986,0.00283842,-0.0975332,0.0640529,0.120225,0.0132385,0.000988081,-0.156947
0.00372512,0.209592,0.0062991,0.0581294,0.19098,0.208736,0.0135225,-0.00577573,-0.0859626
0.00642038,0.212194,0.0107368,0.194202,0.149543,0.214774,-0.013509,-0.0171164,-0.00519139
0.00746176,0.217051,0.0148083,0.275321,0.0295128,0.180014,-0.021874,-0.0213285,0.0591665
0.00604521,0.222693,0.0179637,0.274966,-0.103557,0.135477,-0.0223449,-0.0108324,0.106468
0.00233449,0.227628,0.0203331,0.215793,-0.204507,0.0991622,-0.0340126,0.00246228,0.120991
-0.0028044,0.231271,0.0218225,0.156197,-0.273254,0.0440029,-0.0633103,0.0165228,0.109557
-0.0082947,0.234205,0.0218956,0.146182,-0.257979,-0.0457002,-0.105427,0.0288989,0.0705966
-0.0122983,0.237494,0.0198733,0.185914,-0.203133,-0.154005,-0.12144,0.0406726,0.0332737
-0.0145722,0.241442,0.0155053,0.185489,-0.123055,-0.277791,-0.121502,0.0553417,0.036336
-0.0144423,0.24379,0.00844512,0.0146487,-0.0451747,-0.409621,-0.105599,0.0712466,0.0653149
-0.0130515,0.241614,-0.000969234,-0.254718,-0.0691725,-0.50254,-0.0805592,0.0942359,0.0747979
-0.0136075,0.234055,-0.0120044,-0.497919,-0.258769,-0.550751,-0.0563135,0.115911,0.0491821
-0.0175179,0.223355,-0.0229585,-0.557724,-0.351884,-0.480027,-0.000984538,0.123953,-0.0532796
-0.0221978,0.213627,-0.0311913,-0.406941,-0.267785,-0.288544,0.0507442,0.129899,-0.148857
-0.0249271,0.208044,-0.0345521,-0.161071,-0.0669184,-0.0270104,0.0901677,0.117512,-0.174043
-0.0246205,0.206543,-0.0327595,-0.0108994,0.109829,0.195997,0.0792705,0.0910336,-0.110357
-0.0225515,0.206274,-0.0273709,-0.0271524,0.194202,0.310791,0.0210797,0.0502884,-0.000772357
-0.0195986,0.204828,-0.0210296,-0.109108,0.228889,0.305561,-0.0155108,-0.00857669,0.073955
-0.0160428,0.201994,-0.0152078,-0.150285,0.241358,0.268039,-0.0177771,-0.0469967,0.102696
-0.0117501,0.199056,-0.0101605,-0.140649,0.277378,0.23098,-0.020846,-0.0629832,0.126365
-0.00734531,0.196143,-0.00579506,-0.1577,0.237907,0.202456,0.00186381,-0.0861177,0.163294
-0.00460606,0.192587,-0.0019306,-0.200506,0.09406,0.17653,0.0216107,-0.0975414,0.195125
-0.00512632,0.188089,0.00116243,-0.249288,-0.0907423,0.121991,0.0340276,-0.111923,0.190541
-0.00910334,0.182313,0.00284183,-0.336322,-0.270701,0.0466741,0.035701,-0.110397,0.174045
-0.0154715,0.174658,0.00316308,-0.421328,-0.327683,0.00158704,0.0321727,-0.10078,0.124195
-0.0213275,0.166107,0.00278209,-0.426668,-0.268055,-0.014968,0.0490628,-0.0971678,0.0482675
-0.0264503,0.157878,0.00232468,-0.397939,-0.264398,-0.00397266,0.0673781,-0.0890991,0.00929707
-0.031571,0.150385,0.00258124,-0.353336,-0.243762,0.0534279,0.0878501,-0.0892859,-0.0345759
-0.0361466,0.143663,0.00396078,-0.310916,-0.200131,0.10129,0.0659636,-0.0714302,-0.0797197
-0.0404566,0.137909,0.0060934,-0.252623,-0.202618,0.133777,0.0600354,-0.0720462,-0.119115
-0.0446739,0.133378,0.00903739,-0.189826,-0.172273,0.183549,0.0618405,-0.0733773,-0.160063
-0.0477571,0.130009,0.0131177,-0.123812,-0.0665945,0.234347,0.0417055,-0.0701706,-0.201403
-0.0483945,0.127877,0.0179854,-0.0749986,0.0502391,0.252632,0.00551538,-0.0782358,-0.221805
-0.0474292,0.126017,0.0227686,-0.1006,0.104059,0.22697,-0.0293348,-0.089419,-0.216229
-0.0451528,0.12323,0.0266675,-0.162802,0.178336,0.161832,-0.0611619,-0.100272,-0.231037
-0.0406395,0.119297,0.0282802,-0.229405,0.29763,6.18012e-05,-0.109776,-0.105656,-0.255211
-0.0334983,0.113725,0.0257599,-0.352794,0.353874,-0.230163,-0.127003,-0.117141,-0.260099
-0.0267297,0.105215,0.018833,-0.520781,0.227164,-0.426562,-0.103655,-0.0945795,-0.259151
-0.0225713,0.0940312,0.00879611,-0.607153,0.111608,-0.529464,-0.0680912,-0.0520575,-0.307223
-0.0194335,0.0827292,-0.00190971,-0.51925,0.119746,-0.491909,-0.0154395,-0.00174619,-0.368965
-0.0161097,0.0750738,-0.0101844,-0.249555,0.168987,-0.300613,0.0545616,0.0372227,-0.373475
-0.0107307,0.0733401,-0.0134153,0.0688716,0.364998,-0.0120835,0.10143,0.0621203,-0.316405
-0.000970899,0.0771199,-0.0109111,0.279668,0.632154,0.239639,0.088584,0.0724965,-0.192502
0.0121838,0.0829523,-0.0044759,0.281783,0.688092,0.396086,0.0364882,0.0691854,-0.0363647
0.023099,0.0881567,0.00420768,0.220698,0.438645,0.462228,-0.0190247,0.048385,0.0575117
0.0270648,0.0924481,0.0129452,0.192987,0.0421339,0.399651,-0.0730427,0.0368966,0.070774
0.0245098,0.0963641,0.0190992,0.179941,-0.19172,0.217846,-0.113459,0.0255364,0.0299737
0.0209302,0.0996198,0.0217868,0.139701,-0.0970031,0.0728462,-0.113171,0.0428909,-0.0272859
0.0209302,0.0996198,0.0217868,0.139701,-0.0970031,0.0728462,-0.113171,0.0428909,-0.0272859
0.0214653,0.102226,0.0225742,0.132097,0.162757,0.0269091,-0.089177,0.0820741,-0.0489677
0.02657,0.105604,0.0234197,0.214745,0.327323,0.0743165,-0.0488493,0.106064,-0.0287796
0.0330799,0.11113,0.0254814,0.338815,0.341504,0.146539,-0.0398736,0.110932,0.0300918
0.0397222,0.119347,0.0284298,0.465256,0.363801,0.168992,-0.0455786,0.0926201,0.102272
0.0468796,0.129438,0.031207,0.518233,0.387662,0.149979,-0.0548475,0.0792112,0.191
0.0544804,0.139611,0.0335866,0.474674,0.396322,0.139219,-0.0507498,0.0730269,0.288392
0.0616369,0.148386,0.0358692,0.3862,0.354135,0.135588,-0.0327075,0.0546267,0.345638
0.0675215,0.155484,0.037933,0.31656,0.261967,0.111975,-0.0420744,0.0402188,0.366835
0.0717845,0.161532,0.0391031,0.275105,0.169569,0.0395755,-0.050556,0.0290104,0.36388
0.0736031,0.166043,0.0386626,0.170569,0.00521175,-0.04724,-0.0435641,0.0274177,0.378016
0.0730085,0.168181,0.0369933,0.0626644,-0.0782098,-0.0943287,-0.00851423,0.0270389,0.358005
0.071495,0.16838,0.0346336,-0.0207629,-0.110473,-0.138491,2.59727e-05,0.0414258,0.310777
0.069782,0.167325,0.0317188,-0.064526,-0.1075,-0.152173,0.0159347,0.0467637,0.250068
0.0678496,0.165358,0.0288501,-0.121097,-0.138176,-0.145664,0.0266025,0.0584806,0.208837
0.0654156,0.162284,0.0261127,-0.163587,-0.145044,-0.149855,0.0375102,0.051084,0.158868
0.0633069,0.158493,0.0231296,-0.202981,-0.122235,-0.176938,0.0463387,0.0368739,0.10263
0.0611407,0.153529,0.0194959,-0.279533,-0.15384,-0.211399,0.0477857,0.0382878,0.0694751
0.0586708,0.146871,0.0158171,-0.354267,-0.138018,-0.18495,0.0691456,0.0363584,0.0135327
0.0569021,0.139509,0.0131025,-0.36049,-0.084086,-0.127794,0.0629744,0.0540046,-0.0594141
0.0553935,0.132161,0.0113307,-0.368352,-0.0951845,-0.0867766,0.0459324,0.052004,-0.105517
0.0534993,0.124672,0.0103611,-0.372392,-0.106122,-0.0533541,0.0427054,0.0244198,-0.157802
0.0514365,0.117348,0.00968339,-0.366777,-0.106094,-0.0564995,0.0243487,0.0148302,-0.204129
0.0490258,0.109624,0.00907719,-0.418897,-0.156025,-0.041802,0.0143374,0.012252,-0.221858
0.0446716,0.100257,0.00885286,-0.518334,-0.293001,-0.0293738,-0.000471957,0.00305905,-0.244997
0.0370118,0.0888016,0.0084504,-0.628536,-0.492621,-0.0701718,-0.0336685,-0.0163412,-0.301421
0.0251873,0.0751781,0.00651093,-0.72383,-0.701573,-0.170097,-0.0671514,-0.0409052,-0.388135
0.0109471,0.0603295,0.00218125,-0.743883,-0.72834,-0.292872,-0.0898607,-0.0661261,-0.502581
-0.00181935,0.0460544,-0.00491274,-0.673966,-0.556084,-0.43055,-0.111723,-0.064527,-0.580911
-0.00960163,0.0336823,-0.0147761,-0.573196,-0.264689,-0.537721,-0.0959643,-0.0535737,-0.579074
-0.0120852,0.0235839,-0.0257827,-0.437949,-0.0307328,-0.537564,-0.0419041,-0.0423972,-0.499436
-0.0105101,0.0174832,-0.0358175,-0.163728,0.172018,-0.453616,-0.00490306,-0.0313915,-0.405237
-0.00521985,0.0179352,-0.0435974,0.204307,0.332033,-0.32211,-0.00579787,-0.00869221,-0.27851
0.00201876,0.0252667,-0.0487866,0.510529,0.353907,-0.195837,-0.0445901,0.0266527,-0.112519
0.00773831,0.0373351,-0.0517711,0.681583,0.178061,-0.105541,-0.0900082,0.0458562,0.0479335
0.00802579,0.051633,-0.0538225,0.741584,-0.168884,-0.0991664,-0.13361,0.0485889,0.143655
0.00164042,0.0663249,-0.0567198,0.720286,-0.478258,-0.205023,-0.19495,0.0456465,0.169507
-0.00901267,0.0799049,-0.0629705,0.634218,-0.589474,-0.445825,-0.272312,0.0544141,0.149128
-0.0187402,0.0917779,-0.0749372,0.5454,-0.453196,-0.769569,-0.292558,0.0552875,0.115841
-0.0228569,0.102059,-0.0933292,0.445499,-0.143261,-1.06337,-0.250122,0.0754686,0.122695
-0.0209591,0.110333,-0.115981,0.332903,0.0622358,-1.17795,-0.155958,0.112063,0.191287
-0.0163521,0.116815,-0.139105,0.296853,0.11807,-1.12176,-0.0705215,0.129763,0.248179
-0.0114923,0.123867,-0.160669,0.398626,0.0974956,-1.03516,-0.0300236,0.12471,0.279565
-0.00773371,0.133405,-0.180592,0.530412,0.0182745,-0.964951,-0.0262249,0.117782,0.32156
-0.00560666,0.144699,-0.199773,0.567764,-0.0753796,-0.956104,-0.0336976,0.110137,0.382509
-0.00508875,0.155328,-0.219229,0.470547,-0.164369,-0.983095,-0.0289386,0.10026,0.437503
-0.00599805,0.162947,-0.239534,0.281208,-0.250078,-1.02849,-0.0137806,0.0974691,0.462947
-0.00834519,0.166705,-0.260495,0.0898395,-0.340423,-1.03949,0.0147449,0.0907083,0.437549
-0.0130625,0.167427,-0.281105,-0.0277506,-0.480845,-0.991609,0.0445567,0.0866443,0.367341
-0.0206423,0.166532,-0.300624,-0.0910074,-0.600479,-0.940565,0.0469513,0.0810619,0.285669
-0.0297137,0.164721,-0.319745,-0.141996,-0.58954,-0.965302,0.0249431,0.0513829,0.196753
-0.0371185,0.161399,-0.340414,-0.287007,-0.497163,-1.0754,0.013831,0.0161528,0.146541
-0.0371185,0.161399,-0.340414,-0.287007,-0.497163,-1.0754,0.013831,0.0161528,0.146541
-0.0429037,0.153801,-0.363263,-0.57926,-0.439951,-1.13784,0.0510512,0.00300319,0.125394
-0.047574,0.140457,-0.386418,-0.840067,-0.370433,-1.08662,0.0859976,0.0054744,0.0576659
-0.0514155,0.123928,-0.408291,-0.883205,-0.302164,-0.997666,0.100819,-0.010514,-0.0651177
-0.0542928,0.108898,-0.427508,-0.703184,-0.200872,-0.822566,0.15627,-0.0435845,-0.186633
-0.055623,0.0977924,-0.442476,-0.505755,-0.0996802,-0.597833,0.194885,-0.0667005,-0.233261
-0.0558681,0.0893373,-0.452373,-0.418317,-0.01371,-0.346178,0.225508,-0.101181,-0.225421
-0.0554554,0.0812051,-0.457915,-0.441001,-0.0129182,-0.177636,0.206245,-0.141357,-0.211187
-0.0563899,0.0720158,-0.461229,-0.50401,-0.120074,-0.122037,0.158219,-0.183738,-0.251126
-0.059622,0.0616043,-0.464456,-0.549369,-0.200404,-0.151737,0.115275,-0.203434,-0.356194
-0.0620296,0.0511027,-0.468626,-0.509348,-0.0179306,-0.196118,0.108174,-0.21398,-0.491019
-0.0587578,0.0424255,-0.472791,-0.373892,0.324971,-0.144939,0.141099,-0.187247,-0.566345
-0.0497555,0.0364435,-0.474216,-0.241701,0.533582,0.0546608,0.175999,-0.13608,-0.540246
-0.0390538,0.0325798,-0.470715,-0.12913,0.526489,0.307596,0.183661,-0.102451,-0.478206
-0.0289665,0.0314399,-0.462703,0.0665669,0.540627,0.488575,0.165545,-0.0840742,-0.447065
-0.0166828,0.0356881,-0.45116,0.405574,0.764392,0.664804,0.148187,-0.0395147,-0.39105
0.00109424,0.0470891,-0.435535,0.726943,1.05987,0.904385,0.15975,0.0237564,-0.217555
0.0228872,0.0634562,-0.414736,0.858343,1.19868,1.19704,0.169528,0.0654889,0.0220027
0.0433886,0.0812262,-0.388818,0.822261,0.994692,1.43218,0.134548,0.0794738,0.218589
0.0554209,0.0981939,-0.359183,0.728368,0.440929,1.59475,0.111943,0.067717,0.319186
0.0547888,0.113792,-0.32741,0.66513,-0.135515,1.63686,0.0832117,0.0493381,0.309791
0.0455027,0.12839,-0.295762,0.645186,-0.342089,1.57203,0.0358352,0.0607005,0.210759
0.0356406,0.142171,-0.265758,0.609653,-0.203459,1.4653,0.00700852,0.0947265,0.13038
0.0302114,0.154901,-0.237566,0.581424,0.0885525,1.37433,0.0181284,0.110367,0.0890622
0.0301362,0.16731,-0.210725,0.582376,0.299957,1.3331,0.0496958,0.12965,0.105584
0.0314978,0.179596,-0.183839,0.56667,0.276687,1.3686,0.0831344,0.152326,0.167144
0.0313111,0.191648,-0.155946,0.558214,0.227415,1.41017,0.0942672,0.152666,0.207224
0.0301641,0.203619,-0.128116,0.547205,0.206331,1.34607,0.0659072,0.141134,0.234572
0.0288601,0.214227,-0.102314,0.415845,0.191159,1.21405,0.0496386,0.130134,0.275989
0.0270803,0.220893,-0.0791968,0.182185,0.127147,1.07127,0.0500732,0.129638,0.30112
0.0245339,0.223108,-0.0585807,0.00561395,0.0823711,0.963671,0.0724663,0.138132,0.257407
0.0226254,0.22313,-0.0392237,-0.0314013,0.169729,0.938691,0.0896317,0.16861,0.177368
0.0230523,0.223178,-0.0198755,-0.0108208,0.303229,0.954757,0.0859198,0.198045,0.141398
0.0258608,0.223341,-0.000111896,-0.0295,0.39974,0.976959,0.0846323,0.196449,0.157759
0.0291319,0.222363,0.0199863,-0.137835,0.358623,0.981381,0.0901654,0.181412,0.208867
0.0309714,0.218621,0.0399851,-0.299583,0.265106,0.957054,0.0769178,0.161738,0.224814
0.0314003,0.211786,0.0591426,-0.443014,0.198562,0.894892,0.0653909,0.137452,0.185427
0.0314664,0.202408,0.077173,-0.551402,0.188007,0.850638,0.0713387,0.120936,0.125371
0.0318315,0.191118,0.0946819,-0.63005,0.190754,0.839097,0.0696749,0.112976,0.0595727
0.0322434,0.178431,0.112084,-0.697319,0.156882,0.839945,0.0710114,0.0953015,0.00112903
0.031556,0.164573,0.129912,-0.746473,0.0736267,0.882974,0.0778996,0.0693948,-0.0594893
0.0288753,0.149908,0.148689,-0.779973,-0.0603242,0.926383,0.0535754,0.0551094,-0.124787
0.0227786,0.134552,0.1677,-0.810693,-0.294863,0.902971,0.0129365,0.0220862,-0.210391
0.0124928,0.118533,0.185185,-0.818991,-0.480944,0.797897,-0.0183405,-0.0292818,-0.344848
0.00149492,0.103143,0.200263,-0.710907,-0.406936,0.707545,-0.0268776,-0.0522981,-0.499151
-0.00495525,0.0911287,0.214221,-0.484847,-0.0969993,0.701297,-0.0241333,-0.0410011,-0.602993
-0.00576451,0.0835239,0.228857,-0.284954,0.107297,0.773587,-0.039147,-0.0224233,-0.574578
-0.0045523,0.0791877,0.244329,-0.153476,0.0998909,0.747819,-0.0868469,-0.0424007,-0.473847
-0.00457878,0.0767631,0.257284,-0.0957602,-0.0124499,0.530611,-0.15112,-0.078906,-0.388011
-0.00671943,0.0747411,0.265112,-0.0994497,-0.127584,0.256737,-0.166838,-0.0995685,-0.337058
-0.0092906,0.073341,0.268228,-0.0181583,-0.0746618,0.0811305,-0.133694,-0.0742466,-0.349441
-0.0092906,0.073341,0.268228,-0.0181583,-0.0746618,0.0811305,-0.133694,-0.0742466,-0.349441
-0.00861769,0.0751259,0.269325,0.219545,0.172879,0.046184,-0.109571,5.84126e-05,-0.370686
-0.00221279,0.08256,0.270774,0.528425,0.474861,0.0988106,-0.114982,0.067528,-0.312246
0.00865005,0.0958052,0.273348,0.784833,0.601081,0.152268,-0.151143,0.115846,-0.166793
0.0197571,0.112906,0.276173,0.906017,0.508567,0.148426,-0.202873,0.141414,0.00434893
0.027516,0.131238,0.2783,0.908644,0.276428,0.0949592,-0.241753,0.148791,0.141599
0.0297338,0.148353,0.278537,0.792182,-0.0494549,-0.0365928,-0.291015,0.159055,0.231102
0.0263774,0.162142,0.275506,0.592628,-0.316549,-0.232634,-0.322461,0.153498,0.266585
0.0201548,0.171821,0.268291,0.405499,-0.391148,-0.456301,-0.320119,0.143618,0.241239
0.015249,0.17847,0.256995,0.290953,-0.283792,-0.635231,-0.284476,0.150165,0.20057
0.0133982,0.183544,0.243189,0.248067,-0.165158,-0.699947,-0.220143,0.168767,0.204657
0.0127407,0.188356,0.229127,0.265447,-0.192116,-0.663324,-0.144473,0.166569,0.237406
0.00972432,0.194049,0.216425,0.320363,-0.358024,-0.578595,-0.0840351,0.153634,0.272368
0.00319292,0.200624,0.205467,0.336347,-0.508278,-0.503408,-0.0514687,0.129258,0.297213
-0.0060898,0.206894,0.195409,0.280711,-0.618563,-0.49485,-0.031241,0.0911026,0.302279
-0.0168458,0.211744,0.185507,0.19874,-0.64749,-0.478013,0.00624539,0.0661989,0.270954
-0.0275165,0.215145,0.176119,0.129462,-0.632793,-0.449308,0.0287861,0.0608708,0.22891
-0.0381249,0.217438,0.16715,0.072649,-0.628719,-0.438555,0.043337,0.0385897,0.18102
-0.0484495,0.218925,0.15812,0.0403513,-0.589442,-0.456839,0.0468626,0.0199912,0.125377
-0.057078,0.219844,0.148507,0.00709161,-0.487681,-0.485822,0.0443214,0.0182332,0.0699537
-0.0632824,0.220515,0.138454,0.00694248,-0.343882,-0.501525,0.0556358,0.0093662,0.0228277
-0.0666915,0.221332,0.128269,-0.000100174,-0.232857,-0.49727,0.051787,0.0156568,0.0156887
-0.0685273,0.22152,0.118352,-0.051336,-0.181622,-0.47095,0.0494055,0.00821038,0.036248
-0.0697279,0.220479,0.108532,-0.116633,-0.147475,-0.485073,0.0494454,-0.00958994,0.0504328
-0.0694316,0.218013,0.0982874,-0.197836,-0.0610382,-0.489531,0.0487212,-0.015064,0.0526969
-0.0678667,0.214098,0.0883296,-0.256545,-0.0174807,-0.447966,0.0601933,-0.0110441,0.0577893
-0.0672278,0.209626,0.0798366,-0.235261,-0.0992651,-0.350507,0.0769523,-0.0098772,0.0524068
-0.0691222,0.206172,0.0737506,-0.147904,-0.215414,-0.221678,0.0825122,-0.00526159,0.0450573
-0.072933,0.204258,0.0703264,-0.0738958,-0.20669,-0.102276,0.0707127,-0.00454152,0.0369723
-0.0754329,0.203101,0.069087,-0.0643567,-0.0613877,-0.0184635,0.0410213,-0.00518674,0.0517949
-0.0753327,0.20138,0.0689356,-0.116018,0.0555432,0.00876229,0.00579319,-0.0163785,0.0981674
-0.0737254,0.198371,0.0689458,-0.182968,0.0965404,0.0120382,-0.0121518,-0.0360049,0.139499
-0.0717417,0.194172,0.0686986,-0.242818,0.0903779,-0.0155648,-0.0376228,-0.0445796,0.157044
-0.0700271,0.188796,0.0674695,-0.307308,0.0573138,-0.0645064,-0.0441884,-0.0675272,0.166042
-0.0686574,0.182034,0.0651968,-0.387787,0.0417459,-0.109987,-0.0370375,-0.0841521,0.155645
-0.0675205,0.173647,0.0619985,-0.473267,0.0154047,-0.144737,-0.0256322,-0.0920105,0.12914
-0.0665379,0.164325,0.0583918,-0.477446,0.0315046,-0.144821,-0.000767343,-0.101641,0.0741439
-0.0648432,0.155253,0.0550676,-0.453944,0.0901592,-0.123801,0.0229876,-0.107927,0.0267591
-0.0622167,0.146446,0.0523884,-0.448819,0.1259,-0.0797412,0.0559721,-0.129468,0.00277799
-0.0595772,0.137619,0.0506713,-0.441738,0.0961784,-0.0392959,0.0724525,-0.14962,-0.0326963
-0.0584362,0.129134,0.0497132,-0.408585,0.00926157,-0.00839717,0.0812626,-0.167581,-0.0983062
-0.0584163,0.121719,0.0495197,-0.327331,0.0127771,0.0319251,0.0870802,-0.18159,-0.193006
-0.0567088,0.11628,0.0501755,-0.209901,0.17744,0.0634702,0.0782378,-0.179133,-0.284442
-0.0520367,0.113004,0.0514686,-0.11988,0.286463,0.075065,0.0567473,-0.16954,-0.330797
-0.0460343,0.111062,0.0523725,-0.0758766,0.326402,0.0140943,0.0172311,-0.171866,-0.360501
-0.0387144,0.109849,0.0514537,-0.0512238,0.402601,-0.100121,-0.00251365,-0.164374,-0.394727
-0.0294849,0.108993,0.04844,-0.0549499,0.48572,-0.189015,0.016946,-0.139956,-0.407153
-0.0190951,0.107582,0.044088,-0.10172,0.49481,-0.231315,0.0446946,-0.10071,-0.400738
-0.00894166,0.105361,0.0395708,-0.110306,0.476883,-0.205655,0.0809592,-0.0701423,-0.417923
0.000685561,0.104047,0.0361752,-0.00992768,0.464534,-0.123582,0.0964861,-0.0262066,-0.450461
0.0109392,0.105693,0.0351243,0.184949,0.581153,0.0369352,0.110536,0.0303321,-0.453043
0.0247645,0.112226,0.0383957,0.477134,0.853159,0.322114,0.127966,0.0848302,-0.393848
0.0247645,0.112226,0.0383957,0.477134,0.853159,0.322114,0.127966,0.0848302,-0.393848
0.0433365,0.125482,0.047753,0.804992,1.10184,0.645962,0.112428,0.13408,-0.238988
0.0641253,0.144158,0.0621215,0.959592,1.14269,0.87201,0.0681446,0.149702,-0.00534195
0.0826232,0.164464,0.0797606,0.91617,0.952888,1.00596,0.0190025,0.135831,0.19713
0.0947206,0.182962,0.0988326,0.754554,0.562405,1.01791,-0.0244274,0.115369,0.321522
0.0982357,0.197847,0.117257,0.555677,0.164154,0.920326,-0.0540655,0.0872446,0.352688
0.0959394,0.208573,0.133454,0.365141,-0.0241732,0.767832,-0.0581785,0.0776393,0.31442
0.092779,0.215834,0.147272,0.250993,0.033589,0.657511,-0.0424465,0.0977071,0.247667
0.0922684,0.221423,0.159663,0.203304,0.178756,0.621607,-0.00358438,0.124861,0.215195
0.094283,0.226418,0.172311,0.181993,0.288027,0.668524,0.0355941,0.145265,0.225413
0.0971973,0.231244,0.186322,0.171557,0.30441,0.738247,0.0440275,0.155488,0.254585
0.0990025,0.236131,0.201485,0.169722,0.228015,0.776206,0.0430926,0.146754,0.278174
0.0994731,0.240778,0.217179,0.133274,0.202011,0.783699,0.0306766,0.141703,0.289686
0.0997833,0.244088,0.232704,0.0350979,0.192054,0.755318,0.0198206,0.136477,0.302964
0.0993313,0.244837,0.24805,-0.112201,0.123749,0.745563,0.0327721,0.126889,0.309999
0.0971559,0.24289,0.26369,-0.222718,0.0439032,0.749529,0.0408693,0.117401,0.277883
0.0934703,0.2388,0.279612,-0.338886,-0.0426777,0.75142,0.0264866,0.117335,0.238225
0.0879249,0.23223,0.295383,-0.452751,-0.143101,0.716265,0.0110879,0.0900729,0.187063
0.0810443,0.223609,0.310352,-0.5284,-0.197779,0.66562,0.017526,0.0566963,0.121729
0.0742609,0.213563,0.324376,-0.57229,-0.156575,0.62517,0.0217006,0.0296008,0.0512944
0.0696646,0.203064,0.337515,-0.566998,-0.0250663,0.581315,0.0161879,0.0063284,-0.00575638
0.068203,0.192648,0.349524,-0.553162,0.104849,0.522689,0.0205587,-0.0209437,-0.0241534
0.0688779,0.182363,0.360363,-0.551472,0.15318,0.480862,0.0443021,-0.0499387,-0.00859898
0.0702519,0.172163,0.370916,-0.536918,0.173185,0.496908,0.0623134,-0.049862,0.00594914
0.0718553,0.1624,0.382059,-0.51852,0.165357,0.534535,0.0717903,-0.0490518,0.0132415
0.0731227,0.152978,0.393979,-0.516668,0.153197,0.574648,0.0807039,-0.0626604,0.0199061
0.0742013,0.143481,0.406631,-0.525139,0.147593,0.606682,0.0744404,-0.0678106,0.0177015
0.0752452,0.133851,0.419849,-0.539106,0.134965,0.63306,0.0661232,-0.0710768,0.00813323
0.0756164,0.123963,0.433628,-0.554363,0.0660376,0.658669,0.0707263,-0.0748405,-0.00197953
0.0739111,0.113705,0.447876,-0.576606,-0.0716112,0.681258,0.073621,-0.0842175,-0.0300135
0.0695977,0.103209,0.462418,-0.566818,-0.18948,0.695843,0.0757565,-0.089082,-0.0983666
0.0639911,0.0933374,0.47746,-0.520893,-0.211217,0.741589,0.0841581,-0.0854632,-0.189557
0.0582642,0.0844295,0.493259,-0.475986,-0.228959,0.773856,0.083471,-0.0829681,-0.246037
0.0514609,0.0756614,0.50924,-0.49849,-0.337934,0.766019,0.0637908,-0.0837125,-0.279053
0.0418346,0.0660473,0.524547,-0.539107,-0.527213,0.706901,0.0459611,-0.0919901,-0.33275
0.0286131,0.0556035,0.538189,-0.545821,-0.705023,0.619136,0.0500331,-0.115705,-0.42656
0.0138357,0.0457154,0.549932,-0.459264,-0.682323,0.541514,0.0534857,-0.117737,-0.539898
0.00215202,0.0379554,0.560334,-0.324468,-0.416109,0.499029,0.0516215,-0.0904868,-0.611349
-0.00343079,0.032753,0.570036,-0.202485,-0.139824,0.47093,0.0456501,-0.064436,-0.59443
-0.005636,0.0297473,0.578962,-0.0911983,-0.0817021,0.418167,0.0379974,-0.0502131,-0.519608
-0.00744063,0.0295647,0.58679,0.0896875,-0.0708588,0.368138,0.0377413,-0.0405384,-0.471595
-0.00749157,0.0337703,0.593912,0.354585,0.131475,0.352855,0.0172834,0.0102807,-0.44527
-0.00171704,0.0442426,0.601626,0.706183,0.479546,0.427995,0.0160282,0.0725028,-0.354496
0.00987061,0.061424,0.611621,1.00008,0.70139,0.586313,-0.00782236,0.144729,-0.173809
0.0231003,0.0837592,0.624515,1.19664,0.672619,0.728947,-0.0580667,0.176847,0.028577
0.0323439,0.108825,0.639007,1.24906,0.359208,0.767816,-0.126889,0.179976,0.204868
0.03384,0.133454,0.652716,1.15357,-0.0296407,0.653754,-0.198541,0.155123,0.30446
0.029058,0.155077,0.662549,0.969277,-0.275161,0.368721,-0.254139,0.127708,0.330249
0.0224689,0.172353,0.665914,0.757051,-0.296734,0.0116659,-0.254144,0.110176,0.312526
0.0183588,0.185694,0.663137,0.595599,-0.144552,-0.229399,-0.178717,0.125073,0.278495
0.0185802,0.19654,0.657602,0.515137,0.0533548,-0.263176,-0.0809198,0.171733,0.272663
0.0185802,0.19654,0.657602,0.515137,0.0533548,-0.263176,-0.0809198,0.171733,0.272663
0.0214738,0.206538,0.652995,0.506446,0.123019,-0.158294,-0.0117841,0.197275,0.296255
0.024118,0.21703,0.650946,0.556057,0.0932551,-0.0191222,0.0284673,0.184416,0.325943
0.0252434,0.228577,0.651309,0.586784,0.0295892,0.0706328,0.025541,0.167236,0.358811
0.0251019,0.239978,0.652683,0.531256,-0.00590484,0.0799482,0.00329954,0.145777,0.390639
0.02444,0.249101,0.65381,0.366169,-0.0282644,0.05479,-0.00662394,0.121121,0.411884
0.0238151,0.254461,0.654429,0.171429,-0.0123707,0.0167679,-0.00758883,0.0972894,0.402019
0.0238517,0.256256,0.654229,0.0144885,0.00870392,-0.0324271,0.00380018,0.0817686,0.372817
0.0239779,0.255126,0.653465,-0.12143,-0.027915,-0.0448467,0.0286498,0.071352,0.344902
0.0234585,0.251493,0.65256,-0.235425,-0.0471473,-0.0516357,0.0451069,0.0458624,0.290602
0.0222762,0.245665,0.65172,-0.338844,-0.106981,-0.0308033,0.065278,0.0305552,0.234979
0.0195392,0.238296,0.652155,-0.392794,-0.153219,0.0641805,0.094265,0.0161679,0.1631
0.0157763,0.230283,0.654691,-0.407691,-0.142761,0.163689,0.0882786,0.00211762,0.0901342
0.0132083,0.222051,0.658664,-0.426301,-0.0235157,0.201914,0.0680338,-0.0314473,0.0319422
0.0134388,0.213183,0.662608,-0.476859,0.140642,0.160039,0.0365485,-0.0702427,-0.00925231
0.016775,0.202956,0.665544,-0.551936,0.253622,0.11617,0.0312996,-0.0970943,-0.0202356
0.0219948,0.191646,0.668233,-0.571075,0.293285,0.139744,0.0431985,-0.110459,-0.0311643
0.0270988,0.180962,0.67207,-0.498875,0.275011,0.22236,0.0567668,-0.114229,-0.0479249
0.031142,0.172702,0.678105,-0.338267,0.258751,0.349308,0.0634272,-0.123062,-0.0619234
0.0355591,0.167855,0.686255,-0.193998,0.323995,0.434687,0.0403112,-0.127243,-0.0393056
0.0411311,0.164691,0.69571,-0.173973,0.386664,0.488463,0.018992,-0.138619,0.0268183
0.0472931,0.161616,0.706225,-0.174273,0.391036,0.536735,0.0212423,-0.152624,0.0724433
0.0527896,0.158903,0.71756,-0.151739,0.328985,0.568185,0.00548639,-0.142317,0.088504
0.0566496,0.156907,0.729541,-0.107059,0.255217,0.605082,0.011688,-0.138109,0.0771649
0.0592918,0.156302,0.742245,-0.0219863,0.214083,0.6454,0.0263042,-0.123707,0.044332
0.0611322,0.157611,0.756066,0.0718223,0.184503,0.739566,0.0505793,-0.0979695,0.0150571
0.0620954,0.161087,0.772319,0.181956,0.177476,0.895377,0.0814176,-0.0658206,-0.0233784
0.0629212,0.167019,0.791466,0.280069,0.230125,1.02314,0.0924448,-0.0506147,-0.0561498
0.0641418,0.173803,0.812521,0.240772,0.218907,1.09404,0.0967495,-0.0605457,-0.0512097
0.0627687,0.178888,0.834918,0.128186,-0.00782371,1.13594,0.100383,-0.0742005,-0.0617343
0.054306,0.181531,0.857132,0.00928233,-0.440725,1.05066,0.0420106,-0.0734163,-0.150526
0.0393576,0.1819,0.876825,-0.0419165,-0.654089,0.887024,-0.00166515,-0.0807892,-0.319048
0.0242438,0.183047,0.893585,0.14353,-0.474401,0.777372,0.0150583,-0.0665548,-0.479276
0.0174314,0.189337,0.908704,0.447121,0.103377,0.745967,0.0363174,0.00173014,-0.512557
0.0226463,0.199872,0.924322,0.530887,0.678331,0.81721,0.0511708,0.0711174,-0.330706
0.0362784,0.209942,0.940798,0.420232,0.985632,0.817098,0.0540493,0.0632155,-0.0905784
0.0539672,0.218039,0.956743,0.330321,1.10668,0.785395,0.0609989,0.0493692,0.0859098
0.0724104,0.224822,0.972596,0.250287,1.05772,0.830715,0.0691221,0.0938893,0.226628
0.0876374,0.231016,0.990788,0.234879,0.872891,1.00689,0.114919,0.122017,0.312594
0.0976195,0.238112,1.01304,0.266952,0.638799,1.22065,0.141018,0.147062,0.360606
0.101288,0.245729,1.03968,0.208714,0.347791,1.4414,0.147375,0.163063,0.401741
0.0966788,0.251267,1.07121,0.0299392,-0.0381924,1.65195,0.165124,0.14266,0.412531
0.0831729,0.252626,1.1066,-0.215225,-0.431115,1.77565,0.161717,0.125604,0.35865
0.0620082,0.248357,1.14423,-0.457786,-0.711242,1.81685,0.137504,0.0981675,0.227419
0.0373733,0.239504,1.18097,-0.581245,-0.85923,1.69498,0.0791805,0.0643539,0.0364971
0.0122637,0.229026,1.21395,-0.522722,-0.853355,1.48627,0.053746,0.0351494,-0.178163
-0.00880363,0.220434,1.24247,-0.328966,-0.569422,1.31821,0.101456,0.0276592,-0.345677
-0.0208101,0.215629,1.26901,-0.120036,-0.0451592,1.32407,0.180376,0.0618624,-0.393517
-0.0229371,0.214077,1.29739,0.0156898,0.394513,1.46944,0.215924,0.110395,-0.303953
-0.0200826,0.214368,1.3283,0.0699227,0.504016,1.535,0.19348,0.0835646,-0.137069
-0.0170175,0.215047,1.35876,0.0393822,0.422777,1.43025,0.141457,0.0214222,-0.00364375
-0.0162461,0.214661,1.38641,-0.0367744,0.250975,1.27419,0.11681,-0.00840431,0.083594
-0.0177361,0.212721,1.41066,-0.12158,0.119378,1.10888,0.119051,-0.0155794,0.11871
-0.020112,0.209005,1.43208,-0.210556,0.118203,1.01735,0.135228,-0.00226097,0.120038
-0.0212582,0.203623,1.45242,-0.280219,0.184362,0.996065,0.130101,0.0238432,0.103433
-0.0214105,0.197261,1.47248,-0.308682,0.186205,0.988513,0.116911,0.0228581,0.0955709
-0.0220114,0.190672,1.49229,-0.304519,0.125986,0.970183,0.0965926,0.00407904,0.0830491
-0.0235401,0.184497,1.51132,-0.273315,0.0892439,0.910372,0.0605073,-0.00662641,0.0595995
-0.0248225,0.178704,1.52896,-0.271359,0.108683,0.843566,0.0478318,-0.0223039,0.0424571
-0.0250121,0.17257,1.54532,-0.30369,0.153851,0.791102,0.048457,-0.043602,0.025076
-0.0246236,0.166048,1.56086,-0.310013,0.125666,0.766205,0.0500547,-0.0608038,-0.00224292
-0.02595,0.159826,1.57617,-0.271504,-0.014063,0.770785,0.0593689,-0.0727409,-0.0465552
-0.0294829,0.154781,1.59167,-0.190688,-0.0735917,0.769606,0.0421115,-0.0785174,-0.121317
-0.0330065,0.151137,1.6066,-0.140627,-0.0510565,0.713728,0.0198834,-0.0981411,-0.179113
-0.0361443,0.147701,1.62009,-0.173273,-0.081177,0.636137,0.00260096,-0.109885,-0.208891
-0.0407501,0.143175,1.63212,-0.229588,-0.228472,0.576405,-0.016227,-0.109694,-0.257453
-0.0485125,0.138263,1.64271,-0.20471,-0.395169,0.497109,-0.0447579,-0.116999,-0.367093
-0.0583256,0.13449,1.65175,-0.134959,-0.429022,0.424402,-0.0452763,-0.119333,-0.467441
-0.0665168,0.131491,1.65945,-0.148757,-0.266614,0.354114,-0.0428248,-0.109534,-0.511191
-0.0702886,0.126876,1.66545,-0.283005,-0.0602896,0.274459,-0.0563255,-0.0876209,-0.499532
-0.0717498,0.119967,1.66966,-0.354339,-0.072218,0.19132,-0.0616699,-0.0814471,-0.481269
-0.0748566,0.113488,1.67203,-0.253431,-0.205668,0.103743,-0.05074,-0.073737,-0.488265
-0.0792679,0.110276,1.67361,-0.048421,-0.177695,0.0882344,-0.035508,-0.0320831,-0.49
-0.0812916,0.111207,1.67562,0.156771,0.0205702,0.103646,-0.0384248,0.0237891,-0.435683
-0.0781741,0.11621,1.67805,0.367361,0.327591,0.0945622,-0.0474169,0.0517246,-0.321744
-0.0689462,0.125562,1.68003,0.571141,0.610446,0.0331412,-0.0851694,0.0867804,-0.174323
-0.0555631,0.138162,1.68103,0.677251,0.693201,-0.0042287,-0.114611,0.135831,0.0112506
-0.0555631,0.138162,1.68103,0.677251,0.693201,-0.0042287,-0.114611,0.135831,0.0112506
-0.043757,0.151886,1.68147,0.691215,0.445567,-0.02361,-0.139378,0.161526,0.166756
-0.039385,0.165612,1.681,0.682377,-0.0302409,-0.0904585,-0.185636,0.181503,0.229053
-0.043493,0.179296,1.67829,0.671689,-0.388042,-0.247633,-0.230503,0.186272,0.204993
-0.0507854,0.192496,1.67154,0.611929,-0.407613,-0.487935,-0.278635,0.216349,0.157449
-0.0541903,0.204298,1.65972,0.502439,-0.152253,-0.726354,-0.271364,0.242934,0.14189
-0.0514122,0.213649,1.64365,0.354972,0.0772463,-0.880051,-0.224727,0.262595,0.18572
-0.0445574,0.22065,1.62547,0.272415,0.207469,-0.918576,-0.160761,0.263283,0.24386
-0.0357134,0.226602,1.60719,0.25573,0.263481,-0.885484,-0.11572,0.256528,0.302382
-0.0261607,0.232361,1.58988,0.272315,0.286504,-0.828707,-0.0948913,0.229391,0.354064
-0.0172408,0.238308,1.57337,0.284743,0.211933,-0.79973,-0.0865645,0.197149,0.40679
-0.0105535,0.243956,1.55702,0.24708,0.0514081,-0.809778,-0.0812813,0.168286,0.453963
-0.0077704,0.248548,1.54028,0.19736,-0.199155,-0.818063,-0.0580964,0.140528,0.465961
-0.0101116,0.252076,1.52363,0.133387,-0.429024,-0.805449,-0.00856438,0.124064,0.435648
-0.0157649,0.253879,1.50716,0.0188171,-0.528246,-0.794433,0.0165408,0.113053,0.383749
-0.0224553,0.253081,1.4912,-0.131225,-0.552906,-0.749666,0.0531408,0.0885684,0.331427
-0.0302139,0.249257,1.47632,-0.292454,-0.603685,-0.693084,0.0816745,0.0613049,0.27354
-0.0390786,0.242241,1.46184,-0.454111,-0.621838,-0.700111,0.0682472,0.0342364,0.187377
-0.046991,0.232452,1.44641,-0.591124,-0.53706,-0.774815,0.0426587,0.00425974,0.083984
-0.0526605,0.220066,1.42869,-0.734012,-0.40945,-0.884585,0.0413571,-0.0150433,-0.0207701
-0.0544875,0.205419,1.40954,-0.817744,-0.180075,-0.882473,0.0827041,-0.0160395,-0.111939
-0.0522693,0.190654,1.39206,-0.710683,0.0693098,-0.726656,0.13861,-0.00437661,-0.191732
-0.0462285,0.18024,1.37973,-0.374645,0.296586,-0.421093,0.19442,-0.00124608,-0.222618
-0.038444,0.175782,1.37392,-0.129422,0.337536,-0.152388,0.181351,-0.0169402,-0.138894
-0.0322916,0.173778,1.37247,-0.0982535,0.239611,-0.00453878,0.140122,-0.0842055,-0.0326343
-0.0289289,0.171412,1.37264,-0.13435,0.0976802,0.00998756,0.096479,-0.138111,-0.00528651
-0.0277836,0.168716,1.37236,-0.126222,0.0407674,-0.0328265,0.0756492,-0.166312,-0.0600199
-0.0260532,0.16635,1.37135,-0.123779,0.12579,-0.0574639,0.0644786,-0.161717,-0.127298
-0.0225306,0.163328,1.37017,-0.188414,0.198645,-0.0452914,0.0729949,-0.151286,-0.164865
-0.0182171,0.159049,1.36959,-0.237571,0.214732,-0.0101143,0.0884209,-0.152794,-0.212584
-0.0138485,0.154048,1.36909,-0.266055,0.213439,-0.0428214,0.0522126,-0.150088,-0.281209
-0.00930181,0.148421,1.36764,-0.294953,0.22584,-0.083749,0.0570816,-0.154461,-0.337773
-0.00420445,0.142671,1.3661,-0.266984,0.269998,-0.0417342,0.0968132,-0.132791,-0.38436
0.00203241,0.138681,1.36684,-0.125308,0.363212,0.135097,0.142503,-0.0823294,-0.409429
0.00878917,0.13798,1.37237,0.059439,0.382052,0.425828,0.178138,-0.0280766,-0.377386
0.0152577,0.141237,1.38386,0.245962,0.450725,0.706523,0.171769,0.0100916,-0.317491
0.0240177,0.147525,1.39971,0.342888,0.676939,0.865806,0.11536,0.0240502,-0.229684
0.0375619,0.155471,1.41787,0.387738,0.946038,0.953908,0.0870913,0.011352,-0.104418
0.0541853,0.164099,1.43783,0.389713,0.997978,1.07505,0.075231,0.0437347,0.0426589
0.0680494,0.173629,1.46098,0.426823,0.729422,1.27353,0.0911524,0.0638252,0.154758
0.0729934,0.18463,1.48789,0.484822,0.23561,1.44669,0.0873076,0.073689,0.209162
0.0678612,0.196899,1.51721,0.525,-0.155422,1.49662,0.0493917,0.061535,0.1815
0.0572743,0.208957,1.54621,0.480863,-0.281637,1.41043,0.00572404,0.0589416,0.125005
0.0467817,0.219033,1.57326,0.390636,-0.169475,1.29283,0.00739232,0.0684971,0.0703771
0.039678,0.227359,1.59826,0.355425,0.0144129,1.19159,0.0117836,0.098452,0.0293608
0.0361964,0.235933,1.62182,0.432437,0.163959,1.14884,0.0260172,0.128495,0.0237381
0.0345244,0.246428,1.64502,0.535797,0.222213,1.15185,0.0424989,0.151534,0.0771986
0.0334805,0.258402,1.66845,0.570534,0.253344,1.16152,0.0441448,0.170834,0.164759
0.0326271,0.270085,1.69164,0.516772,0.269266,1.11181,0.0180151,0.178159,0.248392
0.0321036,0.280157,1.71337,0.415366,0.252807,1.01693,0.00405031,0.172823,0.306632
0.0305572,0.287841,1.73338,0.284608,0.130711,0.941858,0.00956877,0.182793,0.341865
0.0261749,0.292718,1.75247,0.156513,-0.0161249,0.911616,0.0274928,0.194714,0.337705
0.0197852,0.295121,1.77101,0.0422754,-0.0686204,0.862165,0.0333024,0.19709,0.302695
0.0134264,0.29478,1.78799,-0.116986,-0.0728165,0.761348,0.0258953,0.187075,0.277825
0.00714986,0.290352,1.80275,-0.340682,-0.145591,0.651438,0.0315712,0.161106,0.257267
0.00714986,0.290352,1.80275,-0.340682,-0.145591,0.651438,0.0315712,0.161106,0.257267
-0.000575197,0.281651,1.81535,-0.519203,-0.267415,0.569283,0.0519137,0.130008,0.190533
-0.00949073,0.270506,1.82686,-0.572678,-0.290128,0.557954,0.0771235,0.111366,0.0801544
-0.0176955,0.259105,1.83837,-0.551254,-0.221909,0.570094,0.0842121,0.0907034,-0.0158772
-0.0236439,0.248059,1.84965,-0.537198,-0.0970623,0.550924,0.0787196,0.0568177,-0.0853236
-0.0269745,0.2373,1.86049,-0.507181,0.0342771,0.532523,0.0891427,0.00946237,-0.126171
-0.0267657,0.227813,1.8712,-0.410649,0.23843,0.547799,0.100198,-0.0133037,-0.151705
-0.0229468,0.220302,1.88277,-0.323512,0.381105,0.604154,0.0927181,-0.0156216,-0.119335
-0.0178668,0.214071,1.89541,-0.280874,0.385027,0.64302,0.0799429,-0.0405514,-0.0612355
-0.0136619,0.208526,1.90842,-0.254999,0.303207,0.629368,0.052245,-0.0696853,-0.033305
-0.011006,0.203305,1.92069,-0.262144,0.215916,0.575949,0.0261601,-0.0823178,-0.0345402
-0.0102161,0.197207,1.93198,-0.351983,0.0536565,0.545347,0.0280539,-0.088157,-0.0346618
-0.0142062,0.18865,1.94295,-0.487686,-0.25095,0.547401,0.0301128,-0.0887118,-0.0733829
-0.0241939,0.177987,1.95366,-0.546182,-0.553139,0.516328,-0.00588414,-0.0881033,-0.203006
-0.0388749,0.166954,1.96271,-0.522294,-0.732346,0.39813,-0.0647025,-0.091267,-0.38112
-0.0539445,0.157272,1.96911,-0.405521,-0.628705,0.283694,-0.082184,-0.088951,-0.550277
-0.0640487,0.150738,1.97394,-0.22099,-0.298704,0.243907,-0.0661458,-0.0677126,-0.648544
-0.0677839,0.147479,1.97871,-0.0914338,-0.0477879,0.251213,-0.064244,-0.0393957,-0.619648
-0.0690789,0.145786,1.98292,-0.0579373,-0.0470459,0.148935,-0.105857,-0.0446102,-0.51962
-0.0711089,0.144437,1.98317,-0.0875221,-0.155526,-0.130083,-0.147937,-0.0696877,-0.440465
-0.0738727,0.142617,1.97775,-0.127017,-0.159893,-0.367992,-0.134311,-0.0494861,-0.404149
-0.0733544,0.141605,1.96942,0.00430062,0.142732,-0.419791,-0.0896763,0.0150027,-0.420066
-0.0648296,0.145414,1.96185,0.342954,0.591343,-0.336118,-0.0657364,0.0774277,-0.367155
-0.0496036,0.156065,1.95745,0.686991,0.830677,-0.153182,-0.0650329,0.129675,-0.182604
-0.0327406,0.172496,1.95681,0.941748,0.797932,0.00400915,-0.118966,0.15829,0.0323915
-0.0199173,0.192679,1.9579,1.05954,0.465117,0.0298332,-0.196685,0.155006,0.224861
-0.0154708,0.213532,1.95812,1.01,-0.0251108,-0.0580676,-0.244525,0.138427,0.347167
-0.0195172,0.231985,1.95529,0.817371,-0.394975,-0.26929,-0.299549,0.139196,0.386631
-0.0265852,0.246079,1.94718,0.578322,-0.45599,-0.56063,-0.342047,0.150143,0.359105
-0.0303877,0.255837,1.93262,0.361419,-0.272546,-0.88299,-0.338251,0.166538,0.326578
-0.0286424,0.261842,1.91192,0.19226,-0.0984352,-1.11163,-0.266619,0.185298,0.324207
-0.0238878,0.2655,1.88855,0.131631,-0.0703559,-1.13782,-0.17057,0.214265,0.341914
-0.0204243,0.268821,1.86581,0.16746,-0.197608,-1.05321,-0.11117,0.228852,0.360521
-0.0208056,0.273481,1.84536,0.2644,-0.400654,-0.941526,-0.0821723,0.210118,0.358929
-0.0256341,0.279953,1.82654,0.329728,-0.58437,-0.904399,-0.0752199,0.180485,0.34799
-0.0327027,0.286492,1.80764,0.244437,-0.635667,-0.945817,-0.0912706,0.159191,0.33942
-0.0390984,0.290192,1.78739,0.0551769,-0.571299,-1.01097,-0.0871033,0.136646,0.313307
-0.043365,0.290324,1.76567,-0.123732,-0.488446,-1.07456,-0.068921,0.118919,0.267004
-0.0461332,0.28752,1.74273,-0.244041,-0.451003,-1.11561,-0.0463981,0.100087,0.210722
-0.0481458,0.283166,1.71903,-0.291956,-0.413504,-1.14416,-0.0309225,0.0785756,0.151446
-0.0489733,0.278305,1.69476,-0.316031,-0.350171,-1.168,-0.0141938,0.059501,0.113934
-0.0491074,0.272321,1.66989,-0.409248,-0.349036,-1.20013,0.00531714,0.0357069,0.110364
-0.0494972,0.264082,1.64416,-0.539013,-0.375797,-1.24669,0.0223102,0.00522518,0.0908439
-0.0501904,0.253525,1.61749,-0.636425,-0.363291,-1.27387,0.0391205,-0.00919187,0.0406525
-0.0500989,0.241931,1.59099,-0.639031,-0.270959,-1.22574,0.067983,-0.00996478,-0.0278995
-0.0480764,0.231119,1.56637,-0.553254,-0.112255,-1.107,0.098889,-0.0114724,-0.0723003
-0.0444331,0.222532,1.54504,-0.398858,-0.0114526,-0.93339,0.12389,-0.0246611,-0.0742965
-0.0403352,0.216539,1.52711,-0.294797,0.0130332,-0.809199,0.112777,-0.0548022,-0.0336843
-0.0371232,0.211548,1.51131,-0.269344,-0.0187284,-0.726512,0.0954457,-0.0915705,0.00626928
-0.035422,0.207005,1.49707,-0.233546,-0.113476,-0.65859,0.0846006,-0.115302,0.00707453
-0.0359521,0.203244,1.48397,-0.198727,-0.210225,-0.611797,0.0751522,-0.123821,-0.0102449
-0.0389387,0.199575,1.47186,-0.224122,-0.337332,-0.561716,0.0566805,-0.120549,-0.0493397
-0.0446111,0.195384,1.4609,-0.235531,-0.434667,-0.500147,0.0330514,-0.119166,-0.147017
-0.0513059,0.191275,1.45083,-0.231752,-0.405883,-0.468402,0.00556372,-0.110976,-0.260252
-0.0513059,0.191275,1.45083,-0.231752,-0.405883,-0.468402,0.00556372,-0.110976,-0.260252
-0.0559293,0.186982,1.44114,-0.250734,-0.217151,-0.469686,-0.0134946,-0.115207,-0.343811
-0.0552572,0.182763,1.4308,-0.221601,0.0874991,-0.532665,-0.0261197,-0.133164,-0.402204
-0.0493784,0.17929,1.41916,-0.194253,0.262679,-0.581698,-0.00604392,-0.13336,-0.381304
-0.0422985,0.175607,1.40764,-0.242822,0.217246,-0.52742,0.054453,-0.117805,-0.300775
-0.0371959,0.169964,1.39769,-0.374058,0.126991,-0.431688,0.095642,-0.108609,-0.247375
-0.0329614,0.161442,1.38951,-0.493047,0.191552,-0.354865,0.11552,-0.107935,-0.254796
-0.0260741,0.151945,1.38276,-0.44625,0.42582,-0.276621,0.149596,-0.0930997,-0.273454
-0.013235,0.144936,1.37868,-0.258815,0.789754,-0.0951511,0.213139,-0.0635485,-0.238645
0.0044555,0.141648,1.37954,-0.0767592,0.954693,0.201478,0.275084,-0.0251608,-0.0942995
0.0218281,0.142027,1.38738,0.105686,0.859421,0.58276,0.327911,-0.0168974,0.0548809
0.0340397,0.146617,1.40295,0.304692,0.571965,0.974525,0.352166,-0.0201524,0.158482
0.0385807,0.155017,1.42597,0.433805,0.225337,1.33042,0.350884,-0.0299601,0.216308
0.0354554,0.16517,1.45539,0.468872,-0.0392326,1.59668,0.332695,-0.0534295,0.219413
0.0275061,0.175401,1.48872,0.446605,-0.175879,1.70755,0.26836,-0.0589562,0.162385
0.0175759,0.184736,1.52337,0.409449,-0.194047,1.71609,0.205228,-0.0481242,0.0692739
0.00712362,0.193106,1.55767,0.393957,-0.196984,1.67248,0.155759,-0.018953,-0.0282861
-0.00263589,0.20142,1.59126,0.445971,-0.104503,1.64082,0.152134,0.00899011,-0.115419
-0.00932934,0.211345,1.62489,0.581476,0.144869,1.66423,0.162808,0.0509615,-0.163589
-0.0109962,0.2242,1.65963,0.738522,0.427357,1.72778,0.161997,0.097006,-0.128923
-0.00938753,0.239451,1.69592,0.80477,0.529826,1.79268,0.146891,0.124178,-8.64267e-05
-0.0087234,0.254719,1.73305,0.746149,0.433377,1.78913,0.115406,0.127569,0.129807
-0.0112606,0.268218,1.76921,0.630215,0.244829,1.68809,0.0827573,0.109115,0.198986
-0.0169745,0.278764,1.80286,0.46782,0.11841,1.55182,0.0641701,0.114584,0.222412
-0.0231092,0.285907,1.83404,0.316717,0.160779,1.4427,0.0707684,0.126495,0.196943
-0.0268975,0.29075,1.86343,0.245872,0.294778,1.3803,0.0780269,0.151508,0.163341
-0.0282084,0.294408,1.89194,0.191061,0.374532,1.35793,0.0895676,0.165601,0.165852
-0.0287938,0.297077,1.92023,0.149576,0.377894,1.3453,0.0946369,0.155977,0.185368
-0.0300994,0.298517,1.94825,0.0690573,0.302861,1.33592,0.0818493,0.161047,0.216998
-0.0327612,0.298115,1.97576,-0.0211415,0.248069,1.29002,0.0659328,0.145953,0.215419
-0.0353138,0.296161,2.0016,-0.0890921,0.265006,1.1946,0.0527513,0.124874,0.180874
-0.0362966,0.292763,2.02562,-0.170023,0.336995,1.13343,0.0636906,0.12472,0.154268
-0.0359607,0.287838,2.0491,-0.236499,0.356788,1.14593,0.0854078,0.12354,0.131076
-0.0361816,0.281947,2.073,-0.271725,0.289474,1.17427,0.0930799,0.109159,0.104632
-0.0376584,0.275266,2.0972,-0.312351,0.233575,1.17426,0.0687334,0.0844402,0.0677651
-0.0394998,0.267622,2.12059,-0.370796,0.206462,1.10442,0.0431041,0.04401,0.0183836
-0.041518,0.25866,2.14192,-0.435609,0.152764,0.994909,0.0248361,0.00628904,-0.0571403
-0.0429175,0.248942,2.16076,-0.462722,0.182374,0.879226,0.00352643,-0.010503,-0.175167
-0.0435915,0.238059,2.1775,-0.578212,0.138706,0.803406,-0.0280247,0.0212932,-0.24255
-0.045842,0.224438,2.19265,-0.704772,-0.0277005,0.730344,-0.0320292,-0.0119387,-0.323651
-0.0505968,0.210163,2.20609,-0.623962,-0.146931,0.656038,-0.0471715,-0.0520466,-0.466736
-0.0565953,0.199577,2.21828,-0.35998,-0.174492,0.60514,-0.0852131,-0.0509518,-0.579051
-0.0611066,0.193879,2.22957,-0.180961,-0.038527,0.520247,-0.138836,-0.0396789,-0.573195
-0.0618674,0.189569,2.23748,-0.237378,0.0848854,0.260938,-0.204783,-0.0527452,-0.453158
-0.0608165,0.182989,2.2387,-0.419799,0.0161319,-0.105866,-0.245579,-0.0873177,-0.357381
-0.060358,0.174023,2.23288,-0.469309,-0.0323819,-0.383377,-0.220649,-0.0682783,-0.362021
-0.0571906,0.167174,2.22351,-0.235458,0.226494,-0.472846,-0.202396,0.0156698,-0.419636
-0.0481043,0.166517,2.21455,0.125335,0.510028,-0.381714,-0.158939,0.100318,-0.35738
-0.0362089,0.172539,2.20902,0.43581,0.543536,-0.193636,-0.137386,0.148292,-0.200262
-0.0271439,0.183299,2.20677,0.613219,0.293969,-0.0789574,-0.179094,0.171197,-0.0398043
-0.0247336,0.196373,2.20582,0.684958,-0.0725551,-0.064135,-0.237402,0.163893,0.0656401
-0.0290695,0.210174,2.20408,0.689194,-0.369505,-0.152986,-0.291154,0.170163,0.104519
-0.0364995,0.223894,2.19994,0.67118,-0.426802,-0.310942,-0.3185,0.171812,0.109385
-0.0421179,0.237049,2.1918,0.60373,-0.308127,-0.546801,-0.32951,0.169299,0.139035
-0.0436914,0.248617,2.17841,0.49366,-0.183081,-0.799406,-0.301095,0.153275,0.20989
-0.0436914,0.248617,2.17841,0.49366,-0.183081,-0.799406,-0.301095,0.153275,0.20989
-0.0424214,0.258022,2.16024,0.380063,-0.161126,-0.988306,-0.238063,0.153408,0.284035
-0.0405633,0.265921,2.1391,0.344574,-0.206483,-1.08059,-0.164898,0.155223,0.323814
-0.0391218,0.273902,2.11682,0.37561,-0.237237,-1.09898,-0.0965777,0.156294,0.335018
-0.0371479,0.282143,2.09412,0.351726,-0.181148,-1.11607,-0.0539287,0.15282,0.348913
-0.0341584,0.288948,2.07125,0.246787,-0.176759,-1.10059,-0.0163209,0.141038,0.37452
-0.0319496,0.293782,2.04881,0.173702,-0.258281,-1.07692,0.00216374,0.130837,0.36104
-0.0319512,0.297798,2.02645,0.167843,-0.408237,-1.08047,-0.0075767,0.121801,0.314414
-0.0351477,0.302141,2.0042,0.186307,-0.55994,-1.06591,0.00527418,0.115604,0.273707
-0.0405054,0.30612,1.98221,0.121594,-0.61102,-1.05017,0.0245585,0.109772,0.238861
-0.0447048,0.308388,1.96061,0.0123668,-0.443385,-1.01924,0.035349,0.0976054,0.18788
-0.0451763,0.308374,1.9398,-0.101364,-0.246336,-0.964243,0.0482645,0.0825477,0.158109
-0.0429094,0.306214,1.92,-0.201022,-0.139767,-0.927539,0.0465161,0.0594919,0.149763
-0.039725,0.302123,1.90033,-0.283413,-0.126467,-0.941768,0.0313698,0.0301374,0.135762
-0.0365359,0.296442,1.88027,-0.3513,-0.180059,-0.942754,0.0328136,0.0170639,0.118021
-0.0350214,0.290178,1.86108,-0.336725,-0.209608,-0.86985,0.0595057,0.0110987,0.0860996
-0.0344615,0.284552,1.84385,-0.28915,-0.217238,-0.755632,0.0777927,0.00591671,0.0613905
-0.0344219,0.279637,1.82942,-0.252583,-0.181951,-0.616632,0.0823185,-0.00315276,0.0567015
-0.034456,0.27529,1.81754,-0.230534,-0.14888,-0.525802,0.060328,-0.0233244,0.0561202
-0.034342,0.271107,1.80703,-0.225934,-0.122082,-0.484487,0.0350344,-0.0511873,0.0634778
-0.0335428,0.266968,1.79682,-0.220937,-0.0671179,-0.502688,0.010849,-0.0782172,0.0625127
-0.0315278,0.262759,1.78595,-0.243453,-0.0189497,-0.534153,-0.00140435,-0.0878645,0.0699334
-0.028794,0.257745,1.77457,-0.299725,-0.00217374,-0.551393,0.00373019,-0.0961891,0.0751175
-0.0258422,0.251406,1.7629,-0.363085,0.00914054,-0.556851,0.00702173,-0.0944959,0.0580535
-0.0225969,0.244342,1.75161,-0.363173,0.0370338,-0.515587,0.0228547,-0.0961103,0.0171835
-0.019376,0.237503,1.74159,-0.346389,0.0381427,-0.442786,0.0399645,-0.0967546,-0.0115761
-0.0168525,0.23065,1.73313,-0.366319,0.0121375,-0.374526,0.0509972,-0.113233,-0.0341884
-0.0156557,0.223067,1.72588,-0.405432,-0.0597992,-0.325865,0.0593499,-0.146393,-0.0858548
-0.0161397,0.214646,1.71935,-0.451233,-0.135092,-0.300326,0.0611789,-0.171322,-0.167744
-0.0181059,0.205247,1.71327,-0.504684,-0.172426,-0.282639,0.076044,-0.195666,-0.268891
-0.0195613,0.19472,1.70734,-0.554054,-0.0652766,-0.282435,0.0905253,-0.21404,-0.382184
-0.0172019,0.183643,1.70119,-0.564407,0.189704,-0.301395,0.103994,-0.215307,-0.474724
-0.0104086,0.172616,1.69516,-0.54915,0.361589,-0.263049,0.140976,-0.190713,-0.496039
-0.00198401,0.162177,1.69112,-0.492226,0.401423,-0.107262,0.206807,-0.157259,-0.478349
0.00533247,0.153667,1.69139,-0.34954,0.321382,0.142051,0.241297,-0.106703,-0.453646
0.0102732,0.14888,1.69704,-0.126295,0.272561,0.417693,0.253986,-0.0664364,-0.421042
0.0143792,0.149015,1.70818,0.119369,0.303988,0.684797,0.244005,-0.023243,-0.348968
0.018728,0.153668,1.72418,0.311939,0.405264,0.909863,0.227679,0.0064577,-0.243479
0.0256657,0.161611,1.74437,0.424139,0.620166,1.08673,0.208406,0.0192307,-0.132084
0.0351534,0.170417,1.76722,0.369139,0.642676,1.20675,0.168137,0.030311,0.00794607
0.0405,0.177994,1.79273,0.322246,0.310188,1.32509,0.145438,0.0279317,0.0808975
0.038716,0.186587,1.81906,0.449394,0.0297468,1.27842,0.0786496,0.0184373,0.0352363
0.0341123,0.197934,1.84344,0.592217,-0.0113403,1.17068,0.0301895,0.0381357,-0.00469929
0.0291261,0.212034,1.86654,0.759202,0.0158277,1.15613,0.0433077,0.0867612,0.0205709
0.0264221,0.229482,1.88976,0.907481,0.249144,1.16779,0.04953,0.142085,0.0831094
0.0279926,0.248448,1.91351,0.909193,0.463238,1.2056,0.0396277,0.188374,0.213361
0.0322811,0.266431,1.9383,0.814563,0.570579,1.23863,0.0420141,0.19458,0.331814
0.0363286,0.282352,1.9633,0.701031,0.483599,1.2202,0.0272668,0.19518,0.41085
0.0366617,0.296346,1.98779,0.621295,0.234539,1.17975,0.0417571,0.179891,0.436755
0.0318005,0.309013,2.0115,0.56073,0.00270951,1.13523,0.069656,0.176586,0.415974
0.0236905,0.319843,2.0347,0.457631,-0.0715378,1.11293,0.0947617,0.182429,0.362959
0.0148942,0.32824,2.05783,0.335118,-0.0738855,1.10109,0.128907,0.17011,0.311039
0.00557963,0.33353,2.08098,0.163614,-0.104622,1.10449,0.161751,0.151294,0.26899
-0.00404866,0.334809,2.10433,-0.0348627,-0.0825741,1.10516,0.166696,0.134222,0.204048
-0.0124067,0.332378,2.12764,-0.173181,0.0187034,1.10628,0.144372,0.115751,0.120062
-0.0124067,0.332378,2.12764,-0.173181,0.0187034,1.10628,0.144372,0.115751,0.120062
-0.0182844,0.327896,2.15064,-0.242052,0.133595,1.07638,0.125418,0.0885617,0.044037
-0.0223735,0.322086,2.17258,-0.293055,0.136548,1.01913,0.0991174,0.0594204,-0.000528157
-0.0268103,0.315493,2.193,-0.312018,0.0500076,0.946588,0.0856342,0.0302708,-0.0455781
-0.0322205,0.309266,2.21219,-0.251521,0.0296412,0.914101,0.113481,0.0185624,-0.0950105
-0.0357412,0.304289,2.23154,-0.180261,0.237106,0.961186,0.14069,0.025491,-0.122477
-0.0340322,0.300825,2.25232,-0.0994097,0.549096,1.03696,0.129071,0.0305459,-0.101827
-0.0276941,0.29877,2.27434,-0.0523401,0.698663,1.06931,0.104314,0.0130952,-0.00754261
-0.0206847,0.296951,2.29669,-0.0865,0.632306,1.07889,0.0960568,-0.00951779,0.10114
-0.0163651,0.294138,2.31911,-0.157772,0.439425,1.07573,0.0937561,-0.0286577,0.161712
-0.0163728,0.290086,2.34127,-0.210493,0.210475,1.05995,0.100695,-0.0491097,0.167625
-0.019963,0.285217,2.36329,-0.233366,0.0782604,1.06815,0.110555,-0.0582337,0.120756
-0.0243726,0.2804,2.38552,-0.192598,0.12272,1.08523,0.102825,-0.0522856,0.0424772
-0.027617,0.276773,2.4083,-0.113711,0.166925,1.12158,0.113553,-0.0514691,-0.000872791
-0.0309939,0.274502,2.43208,-0.0477619,0.140232,1.17696,0.130964,-0.0558523,-0.00765896
-0.0352584,0.273479,2.45677,0.0234747,0.0949788,1.20316,0.120825,-0.058393,-0.0191609
-0.0410583,0.273304,2.48188,0.0488349,-0.00264244,1.22872,0.117572,-0.0622083,-0.0317779
-0.0490655,0.273353,2.50764,0.0700792,-0.0644792,1.25052,0.104369,-0.062634,-0.0746495
-0.0563826,0.273457,2.53341,0.0580844,0.0380249,1.22716,0.0769945,-0.072208,-0.128043
-0.0612791,0.271819,2.55799,-0.108591,0.109013,1.13776,0.0314197,-0.0767916,-0.150768
-0.0658657,0.266368,2.57898,-0.289014,-0.018798,0.905439,-0.0459543,-0.077484,-0.203069
-0.0708107,0.259447,2.59435,-0.279475,-0.0568003,0.639893,-0.0510927,-0.0960233,-0.308565
-0.0737376,0.25422,2.60597,-0.141228,0.0962106,0.567738,-0.0083783,-0.0410051,-0.386623
-0.0723022,0.252972,2.61883,0.122972,0.372736,0.705794,0.0252319,0.0432053,-0.400033
-0.0669053,0.257139,2.63536,0.385435,0.548187,0.854375,0.0117704,0.0892755,-0.316582
-0.0602774,0.265325,2.65407,0.525298,0.581007,0.883175,-0.0233489,0.0853433,-0.171175
-0.0538366,0.275186,2.67208,0.538221,0.538129,0.789641,-0.0717339,0.089795,-0.0351896
-0.0477176,0.284388,2.68798,0.454903,0.517934,0.71099,-0.0953297,0.120719,0.0667427
-0.0413953,0.292078,2.70299,0.385541,0.54549,0.701116,-0.0989494,0.144083,0.123682
-0.0347143,0.298884,2.71766,0.343366,0.534941,0.679711,-0.125736,0.160695,0.164883
-0.0289299,0.304694,2.73154,0.264906,0.435891,0.620102,-0.147211,0.154799,0.211764
-0.0255436,0.307963,2.74331,0.0758023,0.249905,0.489363,-0.156844,0.141345,0.264272
-0.0251293,0.306505,2.75195,-0.209489,0.0436469,0.338805,-0.133317,0.129594,0.287321
-0.0274174,0.29982,2.75733,-0.43158,-0.0918772,0.213406,-0.0831839,0.111938,0.235655
-0.0310762,0.290153,2.76155,-0.500633,-0.141149,0.241194,-0.0215886,0.127682,0.140721
-0.0356144,0.280307,2.76762,-0.450776,-0.137223,0.385989,0.0309365,0.148019,0.0633123
-0.0403103,0.272292,2.77732,-0.308284,-0.0646976,0.579514,0.0599786,0.130802,0.00731176
-0.0441045,0.267207,2.79054,-0.158411,0.0387483,0.696297,0.0261072,0.101288,-0.00950927
-0.0464852,0.263935,2.805,-0.128694,0.0810072,0.707029,-0.0132004,0.0544603,0.0310853
-0.0485149,0.260038,2.81893,-0.200465,0.0777541,0.652015,-0.043787,0.00877997,0.0709714
-0.0500515,0.254768,2.8312,-0.264423,0.0817874,0.557833,-0.0676121,-0.0211419,0.0666533
-0.0508608,0.248736,2.84136,-0.29284,0.0815804,0.462457,-0.0813867,-0.0355594,0.0503838
-0.051508,0.242547,2.85,-0.278024,0.0666597,0.410385,-0.0691318,-0.0539225,0.0263421
-0.0519386,0.236821,2.85762,-0.257069,0.0773394,0.3531,-0.081446,-0.064321,-0.000169516
-0.051238,0.23158,2.86368,-0.24032,0.13676,0.261606,-0.0898458,-0.0878363,-0.0169861
-0.0489097,0.226458,2.86776,-0.256461,0.183865,0.164827,-0.081188,-0.113287,-0.0164132
-0.0458364,0.221283,2.87036,-0.245711,0.175427,0.124416,-0.0443014,-0.127488,-0.028704
-0.0429587,0.216835,2.87275,-0.184013,0.173135,0.134854,-0.0184849,-0.123331,-0.0639294
-0.0398072,0.213825,2.87578,-0.107095,0.205451,0.175566,-0.0036206,-0.120534,-0.101123
-0.0367204,0.212256,2.87987,-0.0303687,0.190514,0.236836,0.0287014,-0.130017,-0.129195
-0.0338462,0.212434,2.88541,0.0654307,0.231125,0.304611,0.0447673,-0.129996,-0.172926
-0.0293591,0.213985,2.89207,0.0942293,0.354233,0.341261,0.0352162,-0.126466,-0.201604
-0.0229061,0.215452,2.89903,0.0689231,0.437115,0.328477,0.0311179,-0.140917,-0.218323
-0.0146155,0.216385,2.90539,0.0336237,0.51934,0.273692,0.0357891,-0.135291,-0.247194
-0.00573596,0.215744,2.91019,-0.118582,0.440672,0.208855,0.0551025,-0.111869,-0.241583
-0.00573596,0.215744,2.91019,-0.118582,0.440672,0.208855,0.0551025,-0.111869,-0.241583
0.000670433,0.211063,2.91404,-0.360053,0.284975,0.175878,0.0939337,-0.0962105,-0.279775
0.00395175,0.202339,2.91788,-0.48171,0.12302,0.217094,0.131001,-0.0697296,-0.39405
0.0043386,0.193454,2.92381,-0.377155,0.0819005,0.378332,0.161972,-0.00959398,-0.516039
0.00601575,0.18875,2.93407,-0.0825666,0.313794,0.644732,0.16943,0.0704589,-0.587129
0.0128463,0.191116,2.95046,0.320198,0.700609,0.983867,0.192207,0.116438,-0.553063
0.0258487,0.202303,2.97425,0.738812,1.04157,1.36874,0.196788,0.146864,-0.395492
0.0413115,0.220924,3.00468,0.991989,1.10266,1.65787,0.135348,0.173873,-0.142172
0.0528653,0.24309,3.03951,1.03856,0.812689,1.82305,0.0825936,0.148509,0.0878189
0.0551829,0.264729,3.07609,0.914466,0.333221,1.81125,0.0325362,0.10642,0.224116
0.0475205,0.282631,3.11081,0.695536,-0.141063,1.59972,-0.0131167,0.0577837,0.265058
0.0334339,0.295289,3.14023,0.469019,-0.383781,1.26609,-0.0211013,0.0171822,0.218787
0.0195391,0.3038,-3.12027,0.344929,-0.298388,0.954043,-0.00149229,0.0364228,0.116485
0.0104724,0.310783,-3.10209,0.351666,-0.0457995,0.827032,0.0508052,0.111315,0.046128
0.00688054,0.319203,-3.08452,0.491826,0.206735,0.875981,0.112241,0.177732,0.0366063
0.00641474,0.330973,-3.06481,0.672259,0.370343,1.00642,0.149207,0.221265,0.0917795
0.00720433,0.345869,-3.04243,0.793545,0.440917,1.10863,0.135312,0.243967,0.197684
0.00802247,0.362269,-3.01859,0.825696,0.462094,1.13751,0.100805,0.248104,0.304282
0.00850252,0.378302,-2.99471,0.746853,0.446772,1.10452,0.0799436,0.255329,0.391982
0.00824703,0.391819,-2.9715,0.569459,0.403704,1.06282,0.083473,0.254139,0.453161
0.0075534,0.40072,-2.94934,0.289653,0.389326,0.99413,0.0909912,0.245047,0.478448
0.00689054,0.40372,-2.92863,0.00922803,0.345501,0.91826,0.0984913,0.221517,0.453367
0.00536297,0.402138,-2.90962,-0.165113,0.242034,0.835159,0.10888,0.202422,0.388048
0.00195278,0.397655,-2.89227,-0.292477,0.0804002,0.764496,0.0987092,0.18929,0.310215
-0.00414888,0.390389,-2.87682,-0.431925,-0.0805412,0.665227,0.0923224,0.165049,0.231089
-0.0115215,0.380092,-2.86365,-0.59179,-0.153499,0.558623,0.083224,0.139775,0.137111
-0.0181733,0.366545,-2.85355,-0.75219,-0.12788,0.398912,0.0586216,0.112848,0.026816
-0.0215715,0.350226,-2.84722,-0.852329,0.0374818,0.2382,0.0659452,0.0793315,-0.0880535
-0.0194497,0.333418,-2.8434,-0.795833,0.312109,0.180601,0.108099,0.0623975,-0.195386
-0.0114157,0.319194,-2.83914,-0.618355,0.631607,0.273623,0.143758,0.0806776,-0.247213
0.00148115,0.308868,-2.83113,-0.417471,0.891182,0.501831,0.155953,0.0963538,-0.209661
0.0167844,0.302146,-2.81854,-0.279361,1.00281,0.67054,0.105421,0.068138,-0.107034
0.0326904,0.2976,-2.80412,-0.231455,0.994347,0.672517,0.0169699,0.0120986,-0.0120124
0.0477408,0.292714,-2.79067,-0.335903,0.878253,0.596844,-0.0289387,-0.0291058,0.0780165
0.0590271,0.284735,-2.77844,-0.529762,0.574256,0.541048,-0.0344161,-0.0516472,0.12231
0.0630378,0.273284,-2.76674,-0.668724,0.139411,0.508921,-0.035283,-0.0739161,0.083429
0.058732,0.260097,-2.75598,-0.707536,-0.278326,0.450938,-0.0524973,-0.0982942,-0.0387192
0.0478657,0.246373,-2.74624,-0.719476,-0.536815,0.428228,-0.0590827,-0.112084,-0.190167
0.0338903,0.232604,-2.73677,-0.692589,-0.60737,0.442836,-0.06355,-0.10927,-0.325677
0.0198505,0.219644,-2.72704,-0.614463,-0.581667,0.470121,-0.0820707,-0.104842,-0.43538
0.00738478,0.208672,-2.71749,-0.512459,-0.44036,0.435681,-0.0869365,-0.124657,-0.509147
-0.00132805,0.198247,-2.70951,-0.556318,-0.290447,0.350543,-0.100428,-0.144724,-0.504725
-0.00859996,0.186568,-2.70321,-0.594211,-0.361362,0.276383,-0.0963315,-0.171004,-0.497523
-0.0186007,0.175675,-2.69857,-0.461435,-0.544429,0.194449,-0.0959445,-0.180635,-0.545545
-0.030432,0.169078,-2.69551,-0.174987,-0.549216,0.126768,-0.104665,-0.160309,-0.599433
-0.0398459,0.168803,-2.69354,0.150809,-0.335211,0.0693721,-0.114036,-0.114102,-0.586407
-0.043649,0.174681,-2.69261,0.43719,-0.0288589,0.00419059,-0.127637,-0.060627,-0.487805
-0.0412194,0.186258,-2.6926,0.727531,0.268239,-0.0514171,-0.136354,-0.00721568,-0.35184
-0.0336139,0.203728,-2.69344,1.00424,0.460761,-0.100365,-0.170121,0.0719504,-0.184686
-0.0232571,0.225503,-2.69538,1.15514,0.50742,-0.148168,-0.220071,0.139307,-0.00293779
-0.0136339,0.249093,-2.69861,1.19014,0.348729,-0.219635,-0.255662,0.171894,0.148887
-0.00807881,0.272338,-2.70445,1.11939,0.0419466,-0.386131,-0.297853,0.183901,0.250467
-0.00711818,0.29303,-2.71506,0.923796,-0.224726,-0.669854,-0.337591,0.193136,0.306989
-0.00771534,0.308665,-2.73245,0.623973,-0.325595,-1.00437,-0.338444,0.202895,0.32849
-0.00621534,0.318572,-2.75655,0.367859,-0.24564,-1.28779,-0.298251,0.225061,0.309635
-0.00621534,0.318572,-2.75655,0.367859,-0.24564,-1.28779,-0.298251,0.225061,0.309635
-0.000188291,0.324658,-2.78524,0.264827,-0.0489276,-1.41634,-0.225896,0.266784,0.281592
0.0103457,0.330141,-2.81489,0.306853,0.136849,-1.37777,-0.151739,0.297016,0.293801
0.0230941,0.336549,-2.84278,0.378769,0.206377,-1.24179,-0.108833,0.304017,0.36148
0.035095,0.343794,-2.86792,0.4098,0.139911,-1.12652,-0.101608,0.277705,0.438217
0.0443212,0.350962,-2.89172,0.393435,-0.032669,-1.10091,-0.129481,0.232381,0.488612
0.0500228,0.357284,-2.91598,0.332495,-0.248272,-1.15939,-0.146896,0.189208,0.514063
0.0516849,0.360973,-2.94188,0.139938,-0.493616,-1.25638,-0.135826,0.166722,0.532251
0.0497199,0.359667,-2.96992,-0.145364,-0.686328,-1.37106,-0.0965987,0.127338,0.506421
0.045137,0.352751,-2.99967,-0.407738,-0.782253,-1.44792,-0.0485385,0.0990362,0.426606
0.0397067,0.341245,-3.03016,-0.614875,-0.814124,-1.46245,0.0029216,0.0846604,0.330039
0.0333391,0.326389,-3.06034,-0.76838,-0.791792,-1.45718,0.0303928,0.0602642,0.220224
0.0279192,0.308915,-3.09056,-0.892235,-0.679692,-1.47529,0.0432911,0.0208674,0.113517
0.0249929,0.28954,-3.12099,-0.963611,-0.524278,-1.49204,0.071341,-0.0271868,0.0077433
0.0243132,0.269361,3.1316,-0.974594,-0.382711,-1.49678,0.0993228,-0.0527629,-0.0806704
0.0256203,0.249586,3.10222,-0.928788,-0.243655,-1.37682,0.164538,-0.064933,-0.14315
0.0287804,0.231599,3.0769,-0.794063,-0.0423175,-1.11963,0.232337,-0.0760691,-0.200717
0.0337336,0.217331,3.05768,-0.572347,0.100585,-0.802755,0.269678,-0.0902998,-0.232606
0.0390826,0.207232,3.04465,-0.408044,0.144489,-0.5195,0.26317,-0.120984,-0.220889
0.0439091,0.199748,3.03647,-0.322915,0.158369,-0.332005,0.227547,-0.168689,-0.213272
0.0476137,0.193488,3.03107,-0.285878,0.100209,-0.244316,0.205597,-0.198891,-0.223905
0.0501568,0.187771,3.02647,-0.26752,0.0909668,-0.235537,0.178376,-0.210303,-0.281172
0.0538221,0.182248,3.0223,-0.266349,0.215393,-0.196241,0.173428,-0.19588,-0.352992
0.0601754,0.176918,3.01947,-0.247679,0.364902,-0.108887,0.180576,-0.168181,-0.401272
0.0680978,0.172034,3.01829,-0.243606,0.374454,-0.0414776,0.184912,-0.154039,-0.420106
0.0743895,0.166748,3.01858,-0.292917,0.254321,0.036666,0.205091,-0.147851,-0.424831
0.0784983,0.160868,3.02074,-0.299337,0.22549,0.136362,0.200991,-0.107327,-0.460333
0.0838488,0.155983,3.02516,-0.215784,0.402069,0.26605,0.193466,-0.0518784,-0.476549
0.0931148,0.154304,3.03269,0.0160921,0.637079,0.475312,0.201032,-0.0167787,-0.452655
0.106414,0.15946,3.04444,0.377822,0.874359,0.7402,0.197807,0.0230886,-0.359809
0.122788,0.171654,3.06084,0.614561,1.0163,1.00098,0.158495,0.0752772,-0.162664
0.139699,0.187279,3.08123,0.648024,1.00841,1.18336,0.100937,0.0893389,0.0481533
0.153489,0.202659,3.10379,0.539039,0.784785,1.21463,0.0465462,0.0682941,0.202058
0.161389,0.215323,3.12593,0.369982,0.461649,1.11485,0.000248447,0.0360655,0.273737
0.163287,0.224151,-3.13747,0.187824,0.186161,0.932158,-0.0147582,0.0194436,0.284188
0.162067,0.228911,-3.12065,0.0212782,0.105124,0.780536,0.00683674,0.0274692,0.255631
0.161293,0.230544,-3.10565,-0.0822043,0.167387,0.699356,0.0323294,0.0644602,0.204833
0.162233,0.230934,-3.09156,-0.0843684,0.244147,0.673239,0.0609512,0.0921222,0.16967
0.164184,0.232224,-3.07732,-0.00204702,0.276633,0.731141,0.0937015,0.11384,0.15967
0.166335,0.236016,-3.06173,0.125976,0.300812,0.834844,0.100801,0.139547,0.171382
0.168749,0.24276,-3.04426,0.253191,0.352772,0.955055,0.0950168,0.152537,0.207989
0.171294,0.252181,-3.02515,0.347715,0.362987,1.02476,0.0778842,0.150914,0.266363
0.173031,0.262469,-3.00539,0.313019,0.305948,1.03953,0.0650814,0.141301,0.333854
0.173324,0.271233,-2.98491,0.211473,0.265372,1.05683,0.0608825,0.126898,0.358521
0.172212,0.278231,-2.9641,0.139212,0.182225,1.04016,0.0504076,0.111584,0.343972
0.168472,0.283846,-2.94335,0.0708552,0.00479736,1.02515,0.0662669,0.0854236,0.314528
0.160899,0.287698,-2.92262,-0.0130029,-0.159461,1.00989,0.0744976,0.0764697,0.254025
0.150909,0.290021,-2.9019,-0.0680796,-0.251244,0.989522,0.0904847,0.0643687,0.159933
0.138749,0.290624,-2.88156,-0.16788,-0.401365,0.953908,0.0953091,0.0632381,0.072683
0.123359,0.288681,-2.86131,-0.264988,-0.539692,0.953461,0.115993,0.0599722,-0.036488
0.107536,0.285845,-2.84096,-0.222845,-0.423675,0.954232,0.105736,0.0725565,-0.19068
0.0966389,0.284574,-2.82088,-0.0968924,-0.0842284,0.962632,0.0855995,0.0946831,-0.289951
0.0930303,0.285751,-2.80048,0.0147148,0.296511,1.00088,0.0664951,0.112628,-0.282888
0.0958097,0.287925,-2.77961,0.00339759,0.535868,1.02004,0.0477705,0.114606,-0.17041
0.0958097,0.287925,-2.77961,0.00339759,0.535868,1.02004,0.0477705,0.114606,-0.17041
0.101432,0.289608,-2.75859,-0.0501996,0.592505,0.99324,0.0250594,0.0928124,-0.0520783
0.106111,0.289548,-2.73866,-0.156893,0.432367,0.902578,-0.0115683,0.0752374,0.0315197
0.107177,0.287033,-2.72062,-0.286735,0.173716,0.79267,-0.0214796,0.0487481,0.0524161
0.103332,0.281203,-2.70429,-0.466681,-0.0887496,0.718052,-0.00584998,0.0457154,0.0405282
0.0945735,0.27122,-2.68839,-0.68712,-0.360453,0.718908,0.015602,0.0519189,-0.0163092
0.0803602,0.257123,-2.67202,-0.845167,-0.633631,0.730984,0.0143909,0.044857,-0.13121
0.0608939,0.240421,-2.65625,-0.929911,-0.93635,0.671634,-0.0262385,0.019804,-0.284682
0.0371422,0.22231,-2.64225,-0.92614,-1.05779,0.606782,-0.0561783,-0.0111452,-0.467054
0.0162954,0.205913,-2.63038,-0.728558,-0.723674,0.50637,-0.0843709,-0.0370094,-0.643921
0.00572064,0.194255,-2.62127,-0.460286,-0.138678,0.386629,-0.102995,-0.0570098,-0.687037
0.00649147,0.186916,-2.61402,-0.297748,0.291435,0.324403,-0.109513,-0.0576548,-0.5529
0.0127298,0.182336,-2.60819,-0.158577,0.41216,0.239733,-0.137,-0.073418,-0.380152
0.0203289,0.181332,-2.60477,0.0610613,0.413647,0.083182,-0.173345,-0.0876195,-0.268201
0.0289392,0.185126,-2.60484,0.315023,0.443375,-0.0689446,-0.186018,-0.0732541,-0.164654
0.0384362,0.193265,-2.6075,0.493769,0.44993,-0.15114,-0.196555,-0.0173625,-0.0478001
0.0475961,0.204056,-2.61148,0.595423,0.370996,-0.19446,-0.216421,0.0296077,0.0503942
0.0539324,0.216263,-2.61676,0.641121,0.127879,-0.267901,-0.243736,0.0476962,0.117742
0.0549432,0.228481,-2.62432,0.618554,-0.179478,-0.40857,-0.277625,0.0611542,0.148949
0.0523587,0.239869,-2.63543,0.582244,-0.300502,-0.622551,-0.313562,0.0786551,0.134558
0.0508922,0.2505,-2.65115,0.563055,-0.204107,-0.842454,-0.315732,0.109582,0.123861
0.0533907,0.260587,-2.67062,0.536732,-0.0505504,-0.981166,-0.282505,0.150775,0.157046
0.0591688,0.26981,-2.69217,0.512376,0.0545628,-1.04285,-0.232913,0.173211,0.220497
0.0666988,0.278698,-2.71473,0.518305,0.0662622,-1.07394,-0.197333,0.175785,0.276095
0.0738404,0.287537,-2.73801,0.518689,-0.0055423,-1.09876,-0.168325,0.180258,0.338641
0.0794935,0.295781,-2.76167,0.478605,-0.116479,-1.10261,-0.134158,0.175139,0.385729
0.0828149,0.302592,-2.78528,0.373715,-0.256728,-1.09447,-0.105024,0.177191,0.417849
0.0828082,0.306803,-2.80801,0.224229,-0.41901,-1.03972,-0.0789122,0.180339,0.418635
0.0795097,0.308258,-2.8297,0.0974064,-0.569905,-1.02225,-0.0655808,0.155954,0.372125
0.0734997,0.30787,-2.85104,0.0189671,-0.667157,-1.0104,-0.047169,0.138188,0.309051
0.065867,0.30581,-2.87165,-0.0948723,-0.711627,-0.966033,-0.0262971,0.136057,0.260236
0.0578743,0.301348,-2.89124,-0.245345,-0.672384,-0.936261,-0.0140978,0.120278,0.212799
0.0504262,0.293645,-2.91049,-0.427963,-0.639479,-0.957189,-0.0169973,0.0906969,0.169174
0.0437408,0.282569,-2.9305,-0.588007,-0.603442,-1.01868,-0.0143133,0.0585023,0.116772
0.038229,0.269026,-2.95159,-0.664582,-0.509946,-1.05343,0.0260517,0.028915,0.0549244
0.0349351,0.255222,-2.97226,-0.630746,-0.340165,-0.980902,0.0758988,0.0270575,-0.00133646
0.0350464,0.242878,-2.99073,-0.547846,-0.108166,-0.850034,0.109758,0.0212895,-0.0211571
0.037174,0.231897,-3.0061,-0.502743,-0.0547845,-0.692593,0.140938,-0.0125766,0.0197551
0.0391843,0.221471,-3.01887,-0.497076,-0.0548073,-0.596846,0.129919,-0.0565042,0.0501592
0.0392639,0.211401,-3.02984,-0.459118,-0.165103,-0.526008,0.115459,-0.091074,0.0476784
0.0370163,0.202565,-3.03976,-0.391627,-0.254022,-0.481132,0.108463,-0.118535,0.0160379
0.0336309,0.194753,-3.04891,-0.369335,-0.243434,-0.44947,0.102082,-0.137744,-0.0222974
0.0311944,0.186654,-3.05773,-0.422493,-0.173049,-0.452439,0.0909802,-0.154332,-0.053202
0.0300366,0.177176,-3.06689,-0.494081,-0.107499,-0.479846,0.0873508,-0.171024,-0.103333
0.0302008,0.166589,-3.07671,-0.531997,-0.0425853,-0.529412,0.0817941,-0.180418,-0.180828
0.0318338,0.155572,-3.08779,-0.536981,0.0295309,-0.602204,0.0703931,-0.177483,-0.271901
0.0345763,0.144671,-3.09995,-0.506117,0.0516205,-0.623713,0.0952778,-0.162078,-0.363012
0.0375041,0.135224,-3.11128,-0.382694,0.102432,-0.508646,0.153887,-0.129256,-0.459716
0.0424391,0.129304,-3.11905,-0.17381,0.308668,-0.271842,0.187237,-0.0781177,-0.531305
0.0511171,0.127467,-3.1217,-0.0159139,0.500164,-0.00223669,0.184641,-0.0476825,-0.525018
0.0613904,0.127945,-3.11982,0.0379886,0.532101,0.176314,0.138582,-0.0508861,-0.473696
0.0715566,0.129328,-3.11541,0.0800019,0.559437,0.253387,0.0703521,-0.0600734,-0.453058
0.0831565,0.132713,-3.11008,0.243878,0.680501,0.30982,0.0323853,-0.0462346,-0.448101
0.0974545,0.141136,-3.10318,0.54498,0.854805,0.464144,0.0545766,-0.0154446,-0.381386
0.114116,0.155929,-3.09339,0.806378,0.942752,0.661091,0.0536508,0.0329376,-0.223575
0.114116,0.155929,-3.09339,0.806378,0.942752,0.661091,0.0536508,0.0329376,-0.223575
0.130666,0.175112,-3.08061,0.926338,0.903416,0.818345,0.0300536,0.0556732,-0.0468807
0.144051,0.195948,-3.06594,0.930292,0.678354,0.88255,0.00412171,0.0458313,0.0958112
0.151226,0.216151,-3.05102,0.850474,0.346451,0.851352,-0.0290114,0.0360657,0.172782
0.152271,0.23438,-3.03729,0.748945,0.0949492,0.746361,-0.0468127,0.0258649,0.187905
0.150565,0.249944,-3.02604,0.632963,0.0292627,0.561341,-0.0564687,0.0386555,0.168841
0.149915,0.262758,-3.01827,0.520828,0.121979,0.387496,-0.0407585,0.0559176,0.156323
0.1527,0.272694,-3.01287,0.385723,0.29287,0.294699,-0.00268817,0.0878845,0.167495
0.158386,0.28045,-3.0079,0.326597,0.404537,0.31962,0.0425295,0.122537,0.184423
0.165235,0.288352,-3.00178,0.371989,0.440172,0.40035,0.0681823,0.147654,0.211616
0.1716,0.297855,-2.99399,0.43781,0.412503,0.496733,0.0743539,0.163832,0.261813
0.176121,0.308282,-2.98451,0.421149,0.318392,0.57273,0.0748996,0.167696,0.330938
0.178147,0.317776,-2.97349,0.31837,0.222427,0.624833,0.0831464,0.160813,0.379983
0.177949,0.324908,-2.96116,0.171577,0.156497,0.655791,0.0793812,0.166359,0.397101
0.175971,0.329109,-2.9474,0.0133872,0.0896295,0.710091,0.0986286,0.170307,0.390564
0.172079,0.330598,-2.93161,-0.117672,0.0416936,0.791376,0.107404,0.177606,0.353815
0.167158,0.330312,-2.91395,-0.187456,0.04731,0.852327,0.102852,0.165464,0.303926
0.161695,0.328613,-2.89499,-0.293353,-0.00141962,0.890399,0.107953,0.151389,0.290178
0.154061,0.32394,-2.87481,-0.472286,-0.115833,0.924823,0.10012,0.128408,0.26928
0.144051,0.316068,-2.854,-0.587386,-0.221891,0.912535,0.0749991,0.0964,0.18943
0.132866,0.306566,-2.83367,-0.623916,-0.261057,0.876934,0.0675945,0.0615063,0.0951651
0.122219,0.295885,-2.81422,-0.682845,-0.220303,0.843962,0.0622002,0.0417999,0.0262524
0.113356,0.283844,-2.79517,-0.724838,-0.116141,0.834339,0.0640048,0.0115391,-0.0469228
0.107146,0.271672,-2.77642,-0.673463,0.00821939,0.827865,0.0652699,-0.0110915,-0.115214
0.104037,0.261115,-2.7581,-0.567055,0.163653,0.827462,0.0604683,-0.029028,-0.154096
0.103862,0.252506,-2.73983,-0.483359,0.279709,0.848285,0.0523983,-0.0360572,-0.13988
0.105743,0.245264,-2.72144,-0.430964,0.346837,0.85219,0.0366511,-0.0450293,-0.0978604
0.108536,0.238939,-2.70328,-0.389565,0.372902,0.833838,0.0118811,-0.0572884,-0.0526669
0.111872,0.233271,-2.68564,-0.369267,0.373027,0.812986,-0.00210916,-0.0607851,-0.00982052
0.115294,0.227627,-2.66859,-0.383996,0.347294,0.782237,-0.0115007,-0.0651354,0.0196625
0.117545,0.221447,-2.65196,-0.42611,0.235876,0.760085,-0.0126959,-0.0715879,0.0338511
0.116677,0.214215,-2.63568,-0.478878,0.0203736,0.738801,-0.00481892,-0.0830583,0.0215864
0.111547,0.205879,-2.61976,-0.53254,-0.196477,0.718316,-0.00369461,-0.0828653,-0.0284836
0.10306,0.19607,-2.60428,-0.611394,-0.338137,0.691473,-0.00691214,-0.0808952,-0.0984764
0.0923592,0.184488,-2.58959,-0.688298,-0.459749,0.628383,-0.00493901,-0.100462,-0.182613
0.0793223,0.170698,-2.57654,-0.80743,-0.619074,0.535135,-0.00382309,-0.12496,-0.267236
0.0639488,0.154313,-2.56565,-0.895416,-0.727613,0.417457,-0.00777182,-0.143556,-0.393694
0.0479394,0.137144,-2.55744,-0.844075,-0.73886,0.30603,-0.00138963,-0.143055,-0.534179
0.034237,0.122338,-2.5512,-0.658537,-0.542252,0.272409,0.0170509,-0.116645,-0.639251
0.0249647,0.111774,-2.54483,-0.420133,-0.311591,0.339934,0.0367018,-0.0754092,-0.654438
0.0202459,0.106295,-2.53711,-0.136658,-0.0709115,0.413121,0.0258597,-0.0507352,-0.61478
0.0206415,0.106894,-2.52861,0.178002,0.198617,0.43049,-0.00897139,-0.0357507,-0.534545
0.0263635,0.113756,-2.52001,0.493202,0.463971,0.448356,-0.0381683,0.00619545,-0.392139
0.0367422,0.126932,-2.51104,0.78516,0.64976,0.487376,-0.0789189,0.0649609,-0.223894
0.0483247,0.144892,-2.50161,0.956836,0.606817,0.532035,-0.131494,0.118522,-0.0327518
0.0565773,0.165481,-2.49182,1.042,0.335042,0.53125,-0.189228,0.132668,0.110417
0.0572979,0.186755,-2.48356,1.01872,-0.137405,0.376438,-0.273342,0.145816,0.198681
0.0491501,0.206066,-2.47996,0.881511,-0.57779,0.0674827,-0.335353,0.148367,0.232758
0.0355311,0.221718,-2.48312,0.699516,-0.822904,-0.311947,-0.35367,0.159176,0.207724
0.0218126,0.23389,-2.49375,0.556639,-0.728878,-0.677671,-0.318367,0.189573,0.145682
0.0151995,0.243312,-2.51035,0.410621,-0.309183,-0.898357,-0.242336,0.229794,0.125157
0.0175191,0.249757,-2.52971,0.279249,0.0316487,-0.944589,-0.165397,0.261664,0.166135
0.0234354,0.254452,-2.54864,0.245186,0.031514,-0.874913,-0.0952496,0.261969,0.231314
0.0263247,0.259356,-2.56575,0.286987,-0.179423,-0.775418,-0.0523426,0.23328,0.275989
0.025196,0.264924,-2.58116,0.30846,-0.319247,-0.710431,-0.0576397,0.198466,0.29081
0.025196,0.264924,-2.58116,0.30846,-0.319247,-0.710431,-0.0576397,0.198466,0.29081
0.0214922,0.270776,-2.59563,0.312805,-0.433636,-0.678809,-0.0595564,0.167931,0.302193
0.0160711,0.27675,-2.60987,0.300773,-0.487784,-0.693233,-0.0549792,0.138861,0.306917
0.0105692,0.281722,-2.62476,0.200025,-0.45831,-0.734961,-0.0508323,0.119044,0.316253
0.00646496,0.284022,-2.64036,0.046571,-0.398637,-0.765648,-0.0380663,0.0985171,0.3219
0.0032037,0.28347,-2.65677,-0.0928608,-0.40434,-0.816786,-0.022302,0.0715586,0.311114
-0.000526542,0.280335,-2.67403,-0.21539,-0.441315,-0.841564,-2.8111e-05,0.0471855,0.2783
-0.00462354,0.275065,-2.69174,-0.303632,-0.472726,-0.868851,0.00409874,0.0184051,0.227153
-0.00983259,0.26871,-2.71028,-0.356545,-0.55712,-0.918632,0.0252419,-0.012939,0.17586
-0.0168866,0.260934,-2.72955,-0.449148,-0.625247,-0.924969,0.0550715,-0.0173924,0.131799
-0.0240763,0.251577,-2.74845,-0.522241,-0.569297,-0.885011,0.0829627,-0.0252837,0.0626464
-0.0300778,0.241149,-2.7662,-0.564746,-0.458947,-0.805287,0.111036,-0.0312166,0.00242442
-0.0341653,0.230276,-2.78189,-0.560929,-0.322719,-0.68874,0.12333,-0.0405987,-0.043673
-0.0362054,0.220361,-2.79516,-0.46563,-0.171114,-0.577709,0.113249,-0.0538336,-0.0834298
-0.03563,0.213078,-2.80627,-0.305923,-0.0153493,-0.484979,0.0957757,-0.0688501,-0.078152
-0.0330864,0.208306,-2.81542,-0.218101,0.0624157,-0.397031,0.0850996,-0.0747218,0.00249016
-0.0301501,0.203958,-2.82295,-0.252748,0.0679046,-0.332972,0.0673472,-0.0821977,0.102073
-0.027513,0.198625,-2.8295,-0.293823,0.0645213,-0.300307,0.0507571,-0.100301,0.145541
-0.0253929,0.192706,-2.83559,-0.318885,0.0257584,-0.284764,0.0520961,-0.112012,0.167681
-0.0239747,0.186241,-2.84147,-0.350017,0.00397766,-0.281928,0.0554334,-0.120345,0.175159
-0.0232717,0.178679,-2.8475,-0.421129,-0.0360201,-0.293634,0.0685381,-0.135411,0.172656
-0.0236031,0.169743,-2.85348,-0.48937,-0.122795,-0.271867,0.111824,-0.157411,0.136233
-0.026907,0.159485,-2.85854,-0.541359,-0.283078,-0.188968,0.163998,-0.173253,0.0674726
-0.03316,0.148487,-2.86152,-0.580986,-0.377741,-0.0908481,0.187055,-0.189003,-0.0643583
-0.0410834,0.135516,-2.86378,-0.746317,-0.459684,-0.0971236,0.147949,-0.207748,-0.220408
-0.0501225,0.119349,-2.86692,-0.850918,-0.458117,-0.14245,0.132387,-0.25511,-0.438048
-0.0564529,0.104045,-2.87108,-0.66487,-0.155728,-0.177106,0.135326,-0.258051,-0.680988
-0.0536881,0.0937145,-2.87467,-0.40548,0.391086,-0.0981735,0.14646,-0.207585,-0.775018
-0.042183,0.0868639,-2.87497,-0.308965,0.708949,0.120397,0.179203,-0.16616,-0.695147
-0.0283474,0.0806788,-2.87052,-0.295573,0.669272,0.333501,0.176719,-0.154699,-0.586859
-0.0169817,0.0755219,-2.86257,-0.180746,0.536895,0.466883,0.146815,-0.143865,-0.560978
-0.00735417,0.0744029,-2.8517,0.10474,0.545816,0.631686,0.154428,-0.111747,-0.565599
0.00425482,0.080316,-2.83677,0.501336,0.772009,0.876594,0.17627,-0.0510723,-0.518858
0.0209026,0.0946521,-2.8162,0.902685,1.05583,1.20218,0.172827,0.0311562,-0.377786
0.0399585,0.116735,-2.78971,1.2045,1.08213,1.49956,0.140317,0.0913847,-0.160568
0.0546393,0.143679,-2.75872,1.31359,0.749337,1.69209,0.0851718,0.113995,0.0531604
0.0590892,0.171111,-2.72538,1.21789,0.205865,1.7361,0.0305069,0.111927,0.184345
0.0522552,0.19597,-2.6926,1.10016,-0.249844,1.60416,-0.0211719,0.0981754,0.195753
0.0400456,0.218925,-2.66348,1.0771,-0.300602,1.34532,-0.0509507,0.103228,0.106559
0.0312785,0.241235,-2.63943,1.06771,-0.00200377,1.09854,-0.0423919,0.148799,0.0603973
0.0299417,0.26304,-2.61879,1.06273,0.38403,1.00208,0.00795764,0.20359,0.0881572
0.0341988,0.284701,-2.59865,1.04345,0.540582,1.02137,0.0484983,0.263368,0.180361
0.0383469,0.306272,-2.57739,1.04636,0.471503,1.09988,0.0785283,0.278282,0.277959
0.0391349,0.328085,-2.5545,1.054,0.320632,1.16032,0.0858867,0.277645,0.346525
0.0362807,0.349814,-2.53068,1.03118,0.196367,1.15931,0.0764282,0.271556,0.397375
0.0312866,0.369911,-2.50747,0.881494,0.131035,1.07891,0.0698028,0.259832,0.445652
0.0259159,0.38525,-2.48596,0.582461,0.13732,0.973976,0.0841558,0.245771,0.482683
0.0213813,0.393951,-2.46609,0.248671,0.151634,0.897697,0.115603,0.228063,0.474168
0.0166745,0.396684,-2.447,0.0118791,0.103367,0.883445,0.14966,0.215387,0.423043
0.0104641,0.395695,-2.42771,-0.125855,0.0150101,0.905512,0.170368,0.198087,0.346934
0.00200006,0.39221,-2.40761,-0.234372,-0.076016,0.95112,0.184294,0.176253,0.28019
-0.00710455,0.386228,-2.38705,-0.362709,-0.047164,0.949978,0.167866,0.144382,0.207945
-0.0149655,0.37764,-2.36709,-0.469921,0.00857416,0.905013,0.146128,0.111144,0.130132
-0.0206104,0.367068,-2.34876,-0.558868,0.0958369,0.832654,0.146571,0.0807121,0.062809
-0.0236357,0.354714,-2.3314,-0.642948,0.212723,0.84208,0.180396,0.0655073,0.0113214
-0.0236357,0.354714,-2.3314,-0.642948,0.212723,0.84208,0.180396,0.0655073,0.0113214
-0.0249975,0.341254,-2.31272,-0.648003,0.287878,0.959203,0.203211,0.067472,-0.0352992
-0.025813,0.328763,-2.29136,-0.5406,0.326111,1.09187,0.190489,0.0512664,-0.0791567
-0.0272647,0.318948,-2.26756,-0.381787,0.277751,1.18441,0.15403,0.0164948,-0.0877134
-0.0296791,0.311952,-2.24255,-0.269922,0.267346,1.21154,0.114241,-0.0232224,-0.0624004
-0.0314768,0.305934,-2.21742,-0.270007,0.32899,1.20628,0.0763054,-0.0487459,-0.0119789
-0.0316914,0.299517,-2.19258,-0.292319,0.390646,1.18642,0.0421925,-0.0659491,0.0276617
-0.0306265,0.293013,-2.16822,-0.283409,0.418866,1.17138,0.0134778,-0.0820876,0.0571945
-0.0293543,0.286924,-2.14432,-0.254017,0.385731,1.13853,-0.0123314,-0.101991,0.0771444
-0.0291871,0.281589,-2.12146,-0.219173,0.262587,1.07488,-0.0296448,-0.125911,0.0924691
-0.0315653,0.276906,-2.10017,-0.193924,0.08654,0.987491,-0.0263287,-0.151866,0.0933542
-0.0367123,0.272556,-2.08084,-0.178553,-0.0717552,0.890137,-0.0148981,-0.166749,0.0712627
-0.0440673,0.268596,-2.06338,-0.150532,-0.184185,0.81428,0.0138785,-0.178195,0.0192997
-0.0527496,0.264802,-2.04738,-0.162652,-0.259073,0.757274,0.0287773,-0.167161,-0.0283092
-0.0619281,0.260414,-2.03209,-0.193351,-0.264086,0.750235,0.0487086,-0.169598,-0.0919805
-0.0722083,0.254605,-2.01749,-0.324762,-0.430843,0.677973,0.031627,-0.183348,-0.141403
-0.086169,0.244707,-2.00664,-0.578216,-0.673624,0.428178,-0.043531,-0.192405,-0.245305
-0.100711,0.231267,-2.00282,-0.696354,-0.638251,0.0701872,-0.0751247,-0.20748,-0.430084
-0.108996,0.218678,-2.00536,-0.539042,-0.181216,-0.139727,-0.0272787,-0.155802,-0.590918
-0.105091,0.212204,-2.00819,-0.110038,0.510253,-0.00791013,0.0736906,-0.0524614,-0.641105
-0.0913367,0.214394,-2.00447,0.333495,0.850671,0.369876,0.162562,0.0267509,-0.492452
-0.0776767,0.223664,-1.99234,0.669361,0.733939,0.707413,0.152768,0.0367605,-0.274751
-0.0700166,0.237825,-1.97525,0.845255,0.414659,0.817112,0.0702179,0.0258114,-0.0956224
-0.0686461,0.253935,-1.95778,0.858414,0.170295,0.747609,-0.0144639,0.0206238,0.0187218
-0.0701461,0.269286,-1.94256,0.773278,0.107681,0.618673,-0.0662722,0.0464843,0.0752838
-0.0708651,0.283469,-1.92984,0.745947,0.178175,0.510871,-0.0894755,0.0808659,0.0820709
-0.0693766,0.297773,-1.91912,0.762376,0.256864,0.42449,-0.101592,0.116726,0.0918304
-0.0670098,0.312436,-1.91007,0.745781,0.246878,0.330534,-0.120318,0.152516,0.127019
-0.0650512,0.325993,-1.90352,0.635036,0.15569,0.198294,-0.138904,0.175902,0.172655
-0.0634271,0.336948,-1.90051,0.464597,0.105117,0.010665,-0.150385,0.186153,0.191306
-0.0608663,0.344458,-1.90186,0.272818,0.120673,-0.173079,-0.130214,0.19697,0.190919
-0.0563858,0.348574,-1.90636,0.120307,0.176738,-0.25597,-0.0795713,0.217596,0.178281
-0.0506403,0.350255,-1.91172,0.0298293,0.20982,-0.242009,-0.0269481,0.235074,0.169191
-0.0449456,0.350635,-1.91603,-0.00769189,0.196611,-0.155401,0.0174925,0.227162,0.1675
-0.0409756,0.35031,-1.91818,-0.03204,0.128341,-0.0489951,0.0423824,0.202304,0.173173
-0.0388867,0.349433,-1.91852,-0.0607225,0.0736193,0.0102261,0.0412881,0.162647,0.168028
-0.0375214,0.347677,-1.91832,-0.125193,0.0714475,0.00853994,0.0320179,0.120118,0.162955
-0.0361161,0.344022,-1.9185,-0.253954,0.0659687,-0.012119,0.0301167,0.091579,0.164837
-0.034278,0.337695,-1.91908,-0.376093,0.108094,-0.0236799,0.0364401,0.0651694,0.140568
-0.0316991,0.329583,-1.9199,-0.423567,0.122515,-0.0210259,0.0443311,0.0482732,0.100884
-0.0288471,0.321251,-1.92029,-0.403845,0.152619,0.0178327,0.0636986,0.0317118,0.0605832
-0.025485,0.313723,-1.91954,-0.345866,0.196084,0.0822301,0.0732649,0.0246209,0.0360569
-0.0215767,0.307357,-1.91744,-0.292637,0.264661,0.126929,0.0771282,0.00296497,0.0244173
-0.0168901,0.30187,-1.9144,-0.247207,0.284493,0.177111,0.0706299,-0.0169942,0.0229443
-0.0129998,0.297941,-1.90987,-0.126471,0.231907,0.268645,0.0738585,-0.0295218,0.0122129
-0.010798,0.297259,-1.9033,0.0681178,0.186547,0.359417,0.0815064,-0.0450509,-8.96454e-05
-0.00982306,0.300061,-1.89503,0.201074,0.157104,0.422515,0.0736997,-0.0673211,0.0192066
-0.00980828,0.303955,-1.88587,0.178424,0.113949,0.450024,0.0708971,-0.094747,0.0637031
-0.0110183,0.306532,-1.87632,0.0885554,0.054133,0.455121,0.07363,-0.133274,0.0722854
-0.0130627,0.307551,-1.86689,0.033235,0.0333314,0.445943,0.0760327,-0.166238,0.0340359
-0.0146937,0.308029,-1.85794,0.0314525,0.0846462,0.405342,0.055307,-0.192836,-0.0213826
-0.0147493,0.308381,-1.85023,0.0070329,0.153655,0.331423,0.0414119,-0.209316,-0.0404261
-0.0127931,0.307545,-1.84414,-0.0918746,0.22752,0.253179,0.0441138,-0.220199,-0.0371563
-0.00940879,0.304632,-1.83934,-0.179764,0.252894,0.217962,0.0616029,-0.217911,-0.0446352
-0.00560753,0.300783,-1.83487,-0.182111,0.258719,0.226658,0.0966337,-0.20686,-0.0843085
-0.00560753,0.300783,-1.83487,-0.182111,0.258719,0.226658,0.0966337,-0.20686,-0.0843085
-0.00141362,0.298464,-1.82902,-0.0242102,0.358713,0.343354,0.156457,-0.188324,-0.140983
0.00568546,0.300161,-1.82029,0.188259,0.644575,0.492639,0.18776,-0.158382,-0.160525
0.0177156,0.305247,-1.80852,0.271885,0.840706,0.644273,0.243862,-0.15371,-0.0570428
0.0300109,0.30963,-1.79369,0.0816885,0.873023,0.788109,0.294663,-0.187313,0.0620332
0.0411202,0.307724,-1.77707,-0.368331,0.670993,0.774563,0.271507,-0.182751,0.135432
0.0428609,0.295588,-1.76098,-0.890713,-0.0777028,0.71353,0.255473,-0.181171,0.0961333
0.0301738,0.276966,-1.74572,-0.9132,-0.663184,0.68563,0.225634,-0.1398,-0.219823
0.0141127,0.264761,-1.73107,-0.267402,-0.41356,0.720646,0.221456,-0.0482578,-0.580214
0.0102681,0.267718,-1.7132,0.51054,0.553468,1.06741,0.270356,0.0685173,-0.648345
0.0231555,0.282392,-1.68651,0.819081,1.3594,1.51139,0.279216,0.179655,-0.360712
0.0435831,0.299357,-1.6528,0.73696,1.56729,1.75694,0.216486,0.166213,-0.0123152
0.0615668,0.314466,-1.61559,0.586181,1.29884,1.85651,0.145499,0.119856,0.180193
0.0700479,0.327756,-1.57758,0.505838,0.733883,1.83456,0.0969736,0.106755,0.257098
0.066933,0.339786,-1.53997,0.422137,0.20196,1.81156,0.0902612,0.109057,0.263545
0.0540197,0.348257,-1.50194,0.185553,-0.182837,1.83416,0.107863,0.146253,0.243835
0.0349825,0.351344,-1.46259,-0.0258319,-0.352838,1.8676,0.0897197,0.182066,0.129056
0.0133296,0.350452,-1.42362,-0.134219,-0.47003,1.78517,0.0319297,0.189499,-0.0255113
-0.00847927,0.347956,-1.38715,-0.0963723,-0.42594,1.6504,0.0160733,0.173253,-0.186091
-0.0255825,0.347364,-1.35341,0.111865,-0.0863556,1.54418,0.0369302,0.171826,-0.312506
-0.0334982,0.351541,-1.32044,0.397194,0.440123,1.57613,0.0607252,0.215728,-0.314415
-0.0319822,0.360275,-1.28555,0.548184,0.879698,1.66694,0.0799573,0.246758,-0.151639
-0.0255866,0.370392,-1.24932,0.542789,1.0217,1.68416,0.0442498,0.229641,0.0548359
-0.0190258,0.379967,-1.21376,0.481269,0.909344,1.60476,0.00459089,0.200892,0.209042
-0.0156439,0.388321,-1.1806,0.403757,0.663229,1.4632,-0.0227987,0.177951,0.305362
-0.016663,0.394897,-1.15063,0.295189,0.390265,1.30623,-0.0201122,0.156076,0.349696
-0.0211336,0.398967,-1.12401,0.15719,0.220249,1.15455,-0.0147989,0.144646,0.344673
-0.0268403,0.400392,-1.10033,0.0436907,0.151511,1.03356,0.00672426,0.144936,0.29428
-0.0319774,0.400012,-1.07914,-0.017419,0.161673,0.932177,0.017424,0.140147,0.218742
-0.0365323,0.398945,-1.05972,-0.0227125,0.129722,0.871879,0.0361888,0.131977,0.153126
-0.0416431,0.397995,-1.04125,-0.00832902,0.0724092,0.843999,0.0421155,0.124998,0.0899402
-0.0476543,0.397207,-1.02316,0.000293267,0.0292213,0.824519,0.0351689,0.11153,0.0325025
-0.0538553,0.396114,-1.00633,-0.0430756,0.00118746,0.721026,-0.0157228,0.09653,-0.0236862
-0.0591532,0.39352,-0.993082,-0.163093,-0.0201573,0.495849,-0.0886191,0.0611149,-0.0937515
-0.0620823,0.388336,-0.985864,-0.313965,0.0192264,0.209239,-0.137737,0.0252098,-0.175883
-0.0609683,0.381045,-0.98389,-0.38527,0.186727,0.0519505,-0.124134,-0.000317186,-0.260017
-0.0555531,0.373532,-0.983625,-0.36976,0.351432,0.0131043,-0.124681,-0.0192183,-0.30286
-0.0471173,0.365231,-0.985292,-0.497264,0.422789,-0.145906,-0.174009,-0.038114,-0.262552
-0.0363027,0.35339,-0.991304,-0.712592,0.450467,-0.376194,-0.200369,-0.0829972,-0.22437
-0.0234265,0.33801,-1.00225,-0.841432,0.458908,-0.606111,-0.195186,-0.112512,-0.227314
-0.00997213,0.321308,-1.01635,-0.835298,0.431042,-0.672138,-0.147719,-0.0830564,-0.238678
0.00241731,0.306222,-1.02943,-0.657422,0.409546,-0.549385,-0.0966653,-0.035074,-0.248138
0.0134237,0.295872,-1.03881,-0.373099,0.411875,-0.353262,-0.0719832,-0.00969544,-0.228474
0.0232106,0.291222,-1.04378,-0.0879721,0.440106,-0.132923,-0.0785821,0.0170429,-0.159796
0.0326083,0.292382,-1.04461,0.197612,0.460376,0.0462101,-0.112991,0.0400495,-0.0757554
0.0404195,0.298507,-1.0425,0.389125,0.365433,0.17583,-0.161669,0.0631211,0.0288638
0.0440443,0.307439,-1.03837,0.471273,0.0956941,0.238912,-0.214176,0.0674658,0.116906
0.0410547,0.317323,-1.03453,0.491939,-0.278619,0.137298,-0.287407,0.0642832,0.156152
0.0316011,0.32673,-1.0345,0.439478,-0.664645,-0.119719,-0.345797,0.0582368,0.160293
0.0172693,0.334441,-1.0408,0.335327,-0.945967,-0.466519,-0.380966,0.0747468,0.134059
0.0024144,0.339301,-1.05466,0.157805,-0.966585,-0.836564,-0.387744,0.110248,0.0824654
-0.00862148,0.340806,-1.07576,-0.00446137,-0.816018,-1.14995,-0.339653,0.137271,0.0324776
-0.0132319,0.339888,-1.10283,-0.108956,-0.546765,-1.38919,-0.2891,0.178917,0.00238645
-0.0105688,0.337417,-1.13351,-0.166098,-0.196967,-1.49828,-0.226722,0.210507,0.0103784
-0.0105688,0.337417,-1.13351,-0.166098,-0.196967,-1.49828,-0.226722,0.210507,0.0103784
-0.00118602,0.33379,-1.16553,-0.217864,0.0358412,-1.52204,-0.181741,0.223577,0.074308
0.00998547,0.328966,-1.19753,-0.247887,0.0146079,-1.51558,-0.142888,0.193624,0.16331
0.0189119,0.323367,-1.22937,-0.271858,-0.157216,-1.51989,-0.113405,0.151257,0.230793
0.0241488,0.316806,-1.26108,-0.330422,-0.312025,-1.5118,-0.0741534,0.109766,0.266044
0.0266314,0.30847,-1.29247,-0.432161,-0.405725,-1.50227,-0.0319175,0.0623752,0.273644
0.0268926,0.298218,-1.32312,-0.510704,-0.472599,-1.4499,0.0295952,0.0244842,0.249049
0.0257601,0.28691,-1.35203,-0.541809,-0.470033,-1.34716,0.088943,-0.00172344,0.201374
0.0240833,0.275527,-1.37813,-0.529351,-0.417826,-1.18601,0.148138,-0.0233716,0.148694
0.0228988,0.265254,-1.40064,-0.436679,-0.29503,-1.01321,0.193785,-0.0531529,0.0923364
0.0235911,0.257685,-1.41939,-0.280466,-0.117296,-0.818317,0.240923,-0.090296,0.0453878
0.0258323,0.253049,-1.43385,-0.161147,-0.0380359,-0.590549,0.293871,-0.111032,0.0395163
0.0276749,0.250076,-1.44324,-0.125337,-0.0144176,-0.329137,0.337096,-0.134465,0.0324723
0.0284496,0.247342,-1.44716,-0.133443,-0.0149242,-0.0732594,0.349312,-0.157715,-0.0100584
0.0282148,0.244472,-1.44665,-0.172262,0.024294,0.10801,0.354372,-0.190192,-0.0676117
0.0290281,0.23969,-1.443,-0.330942,0.158405,0.231168,0.356342,-0.225734,-0.11672
0.0302251,0.231404,-1.43707,-0.511548,-0.00305864,0.30009,0.337406,-0.255809,-0.1931
0.0225437,0.219699,-1.43091,-0.660151,-0.659305,0.270271,0.261188,-0.248739,-0.33358
0.00361896,0.206937,-1.42524,-0.597898,-1.00326,0.26772,0.263792,-0.224484,-0.561686
-0.0160221,0.197106,-1.41937,-0.362461,-0.77205,0.328638,0.245615,-0.118102,-0.745624
-0.0264622,0.19296,-1.41073,-0.0397731,-0.0636198,0.562886,0.280927,-0.0227583,-0.782453
-0.0222464,0.195194,-1.39531,0.311948,0.775767,0.959586,0.334612,0.054125,-0.658271
-0.00506796,0.204689,-1.3717,0.651109,1.3595,1.33784,0.33594,0.10202,-0.394729
0.0190588,0.219879,-1.34098,0.825029,1.66587,1.68154,0.281419,0.149737,-0.069343
0.0445275,0.237977,-1.3042,0.854544,1.66986,1.95404,0.206604,0.174809,0.210951
0.0647837,0.256326,-1.26287,0.739846,1.32561,2.15166,0.147658,0.187305,0.423124
0.0739027,0.272391,-1.21787,0.554491,0.73641,2.30181,0.131203,0.172004,0.534919
0.0680944,0.284741,-1.16973,0.341732,0.013064,2.40947,0.134222,0.161112,0.555533
0.0479875,0.29235,-1.11928,0.132038,-0.563914,2.47118,0.124949,0.155742,0.486191
0.0171637,0.294496,-1.0678,-0.0696582,-0.992996,2.47163,0.100809,0.175023,0.346822
-0.0189318,0.29244,-1.01708,-0.111735,-1.10883,2.38161,0.0789789,0.170156,0.129247
-0.0539668,0.288931,-0.969712,-0.081461,-1.01708,2.16713,0.0609057,0.166641,-0.0681607
-0.0838233,0.284599,-0.927018,-0.0664432,-0.741071,1.97632,0.112096,0.145549,-0.200669
-0.106298,0.280495,-0.887293,0.0380038,-0.401534,1.88338,0.197609,0.134635,-0.30305
-0.121545,0.278908,-0.848499,0.234153,-0.0544793,1.8595,0.239745,0.150947,-0.354558
-0.130547,0.280633,-0.809294,0.402638,0.202246,1.86901,0.247108,0.159502,-0.316614
-0.1369,0.285055,-0.770016,0.541844,0.226061,1.80571,0.233291,0.122137,-0.219651
-0.143439,0.292161,-0.732783,0.648671,0.187617,1.62663,0.2112,0.0823796,-0.13235
-0.148866,0.300688,-0.699704,0.638113,0.255078,1.38449,0.184997,0.0699664,-0.0525929
-0.150874,0.308611,-0.671591,0.548989,0.393416,1.16584,0.184416,0.0802553,0.00836992
-0.149161,0.315624,-0.647588,0.49342,0.501153,1.00684,0.19388,0.10579,0.0458214
-0.145453,0.322276,-0.626278,0.468949,0.535066,0.913335,0.203671,0.133438,0.0775236
-0.140867,0.329048,-0.606376,0.471585,0.55936,0.861552,0.209468,0.147498,0.100856
-0.13577,0.335932,-0.587847,0.446097,0.559258,0.775234,0.189189,0.149656,0.130377
-0.130194,0.341822,-0.571619,0.330177,0.53467,0.670523,0.179063,0.139251,0.161634
-0.124486,0.345238,-0.55788,0.169363,0.508621,0.569773,0.176118,0.123745,0.1667
-0.118404,0.34549,-0.546868,-0.0234759,0.478545,0.464709,0.171587,0.110249,0.1394
-0.111802,0.342243,-0.538271,-0.204576,0.491354,0.380027,0.174221,0.101638,0.0816765
-0.103421,0.335924,-0.531773,-0.357195,0.577327,0.304843,0.148812,0.0963199,0.00566608
-0.0919697,0.327357,-0.526857,-0.436115,0.745091,0.246748,0.132449,0.0730372,-0.0652089
-0.0761126,0.318439,-0.522653,-0.416449,0.981533,0.230013,0.123867,0.042088,-0.113769
-0.0567438,0.309138,-0.518603,-0.536135,1.02665,0.210072,0.114022,0.00365499,-0.0748465
-0.0399625,0.294844,-0.515408,-0.90396,0.708764,0.160315,0.0889938,-0.0209787,-0.0277879
-0.0294465,0.273396,-0.513503,-1.20978,0.443732,0.0908591,0.0596292,-0.0599074,-0.139609
-0.0202117,0.2481,-0.513345,-1.27947,0.5619,-0.00140932,0.0103141,-0.0509915,-0.318552
-0.0202117,0.2481,-0.513345,-1.27947,0.5619,-0.00140932,0.0103141,-0.0509915,-0.318552
-0.00450782,0.2246,-0.513611,-1.03297,1.04342,0.0327449,-0.00164796,-0.0172737,-0.458369
0.0204157,0.2081,-0.510395,-0.629971,1.48671,0.318765,0.0600584,0.0296454,-0.442296
0.0496508,0.19916,-0.498578,-0.325752,1.63248,0.835467,0.0833696,0.0988779,-0.275522
0.0768477,0.196767,-0.47597,-0.062495,1.48952,1.35466,0.0384483,0.131,-0.12035
0.096489,0.200589,-0.444188,0.146911,1.04939,1.78164,-0.0502335,0.148221,0.00806022
0.102779,0.208733,-0.404833,0.257813,0.351637,2.12964,-0.158965,0.147833,0.0941491
0.0930899,0.219206,-0.360308,0.352999,-0.356122,2.27327,-0.292758,0.122499,0.0968748
0.0709936,0.23028,-0.315787,0.368956,-0.818562,2.11264,-0.405182,0.0678195,0.0680128
0.0446198,0.238707,-0.277695,0.240901,-0.862847,1.59266,-0.511221,0.019955,0.0322771
0.0236695,0.24259,-0.25179,0.0572888,-0.587592,0.954454,-0.492548,-0.021409,0.0145754
0.0127501,0.242266,-0.237243,-0.107184,-0.158615,0.50319,-0.340029,-0.0304975,0.0321345
0.0110087,0.239329,-0.229258,-0.176955,0.137736,0.310307,-0.219099,0.0373742,0.0823546
0.012959,0.236545,-0.223182,-0.087172,0.160782,0.297127,-0.112451,0.0608837,0.133357
0.0129756,0.236703,-0.216846,0.0863763,-0.0427121,0.323199,-0.0319311,0.0404227,0.180927
0.00794099,0.239517,-0.21,0.164184,-0.279993,0.337195,0.00769714,0.0132495,0.230669
-0.000471701,0.242283,-0.203795,0.0953483,-0.41477,0.2479,0.0205842,-0.023737,0.250807
-0.00958811,0.242929,-0.20017,-0.0339948,-0.380567,0.0984227,0.0335831,-0.0539173,0.21072
-0.0162324,0.240666,-0.199376,-0.187529,-0.249181,-0.0065449,0.0637832,-0.0577623,0.151426
-0.0194422,0.236075,-0.199819,-0.265578,-0.0972072,-0.00648534,0.116756,-0.0508408,0.0899386
-0.021253,0.230168,-0.199398,-0.326849,-0.0983716,0.0731243,0.171845,-0.0410699,0.0639234
-0.0248454,0.223161,-0.196517,-0.360705,-0.195776,0.221351,0.20074,-0.0511472,0.0220667
-0.0299203,0.21603,-0.191214,-0.33273,-0.162153,0.300309,0.167236,-0.0579093,-0.0441735
-0.0325955,0.20989,-0.185064,-0.254737,0.020971,0.317699,0.130156,-0.0774602,-0.0892534
-0.0306294,0.205896,-0.178432,-0.126764,0.328722,0.351618,0.137278,-0.0920495,-0.103063
-0.0230828,0.203951,-0.170579,-0.0588777,0.552429,0.444526,0.136219,-0.0671738,-0.0550904
-0.0134624,0.203059,-0.159921,-0.00948972,0.612162,0.609425,0.153398,-0.0675444,-0.00232393
-0.00481422,0.20341,-0.145982,0.0627096,0.521388,0.754972,0.135956,-0.0831306,0.019701
0.00110064,0.205542,-0.129442,0.152865,0.407962,0.851614,0.123022,-0.105152,-0.00461644
0.00438809,0.208706,-0.111852,0.128022,0.279571,0.873585,0.0987802,-0.110737,-0.0141566
0.00583784,0.209946,-0.093936,-0.0181809,0.264273,0.876634,0.0791597,-0.119748,-0.0460224
0.00824146,0.208251,-0.076541,-0.160935,0.34306,0.823318,0.042016,-0.116402,-0.129809
0.0120931,0.2039,-0.0601155,-0.288643,0.366518,0.79669,0.0437149,-0.115121,-0.189016
0.0157471,0.197522,-0.0438201,-0.367301,0.308892,0.791748,0.0464494,-0.107959,-0.259663
0.0173173,0.189763,-0.0279771,-0.44814,0.133054,0.740676,0.0324176,-0.104038,-0.337007
0.0153469,0.179971,-0.013564,-0.553149,-0.0539673,0.664872,0.0230485,-0.100418,-0.428727
0.0118864,0.169192,-0.000374166,-0.525789,-0.0113264,0.631807,0.0622429,-0.075587,-0.548223
0.0126385,0.160503,0.0125849,-0.347311,0.329318,0.66159,0.078131,-0.00392725,-0.628593
0.0206337,0.156342,0.0279262,-0.0890153,0.698387,0.873301,0.103734,0.0882625,-0.602296
0.0343107,0.158047,0.0484502,0.215772,0.963676,1.16514,0.118177,0.147899,-0.490568
0.0505148,0.167361,0.0741966,0.616637,1.06727,1.40398,0.100908,0.158448,-0.325334
0.0679621,0.184946,0.102898,0.940469,1.18906,1.50315,0.0422266,0.174006,-0.13262
0.0863016,0.206732,0.131686,0.968272,1.16412,1.48332,-0.0118952,0.178484,0.0887882
0.100507,0.226584,0.159597,0.736482,0.808122,1.408,-0.0288188,0.161204,0.253793
0.104574,0.240712,0.185184,0.418209,0.160002,1.19389,-0.0535377,0.128531,0.305219
0.0969913,0.248942,0.205526,0.239027,-0.345883,0.842771,-0.068494,0.0743966,0.206043
0.0863833,0.254441,0.218389,0.202168,-0.346196,0.456889,-0.0676596,0.0825758,0.0450824
0.081333,0.2592,0.224672,0.238668,0.0545835,0.225761,-0.00966652,0.135321,-0.0502262
0.0859213,0.265297,0.228531,0.351013,0.466423,0.2366,0.0790824,0.198948,-0.0490432
0.095982,0.274072,0.234266,0.459434,0.66018,0.413538,0.154004,0.235177,0.0281006
0.105887,0.28483,0.244331,0.515141,0.582929,0.650262,0.156901,0.239551,0.128971
0.111968,0.297314,0.257587,0.592665,0.402582,0.721203,0.0909218,0.198914,0.178014
0.113997,0.310976,0.27038,0.613095,0.191051,0.636138,0.052366,0.149814,0.216272
0.112997,0.323351,0.281218,0.484116,0.0593917,0.533253,0.0502069,0.125302,0.247686
0.109851,0.332368,0.290771,0.329422,-0.0562388,0.47843,0.0590896,0.129063,0.236862
0.109851,0.332368,0.290771,0.329422,-0.0562388,0.47843,0.0590896,0.129063,0.236862
0.105679,0.33938,0.299759,0.290552,-0.0580057,0.448738,0.0720434,0.137681,0.171084
0.102375,0.346006,0.308539,0.272835,0.037628,0.447072,0.0751861,0.14731,0.130527
0.101598,0.35162,0.317253,0.192065,0.164173,0.426547,0.0570192,0.142622,0.129531
0.102382,0.355509,0.325479,0.116494,0.187069,0.385492,0.0467807,0.129699,0.142094
0.102966,0.35779,0.333217,0.0292029,0.126428,0.365457,0.0488511,0.124893,0.155009
0.10201,0.358324,0.340998,-0.0475859,0.0563527,0.368563,0.0497462,0.123914,0.148704
0.0999442,0.357698,0.348817,-0.0869137,0.0169857,0.363747,0.0557532,0.119772,0.127237
0.0971748,0.356332,0.357178,-0.123935,-0.00240314,0.42101,0.0741118,0.12133,0.107307
0.0933344,0.354587,0.36751,-0.137507,-0.0141403,0.526429,0.0814986,0.124257,0.0880052
0.0890276,0.353079,0.379504,-0.112562,-0.000901603,0.569866,0.0543462,0.104288,0.0614427
0.0849275,0.352196,0.391778,-0.0809277,0.0143909,0.568531,0.0412615,0.0735058,0.050118
0.0806244,0.351262,0.403938,-0.12096,-0.037239,0.567753,0.0464357,0.0577217,0.063895
0.0745861,0.34899,0.416582,-0.195221,-0.129808,0.610641,0.0615668,0.0480339,0.0592068
0.0665213,0.345692,0.430215,-0.210824,-0.206483,0.638212,0.0533354,0.0299791,0.00644845
0.057636,0.342624,0.443742,-0.169803,-0.237729,0.610935,0.0235792,0.00482893,-0.0667372
0.0482109,0.340213,0.456122,-0.1497,-0.30545,0.539179,0.010402,-0.0189577,-0.12082
0.0372274,0.336844,0.46685,-0.248906,-0.444113,0.457101,0.0104356,-0.0276137,-0.134595
0.0235197,0.330391,0.475908,-0.431888,-0.631158,0.38524,0.0110186,-0.025151,-0.171137
0.00720623,0.320074,0.483346,-0.603438,-0.75828,0.308165,-0.0102581,-0.0208432,-0.263245
-0.00964153,0.307151,0.488995,-0.671554,-0.728984,0.226079,-0.0224108,-0.0399255,-0.385301
-0.0234495,0.29406,0.492267,-0.628831,-0.531328,0.106461,-0.0322772,-0.0532072,-0.474219
-0.0312088,0.282453,0.492795,-0.532741,-0.238442,-0.0187284,-0.0428781,-0.0552565,-0.503319
-0.0335759,0.272905,0.491011,-0.433207,-0.0802517,-0.111714,-0.0305389,-0.0425727,-0.451171
-0.0336446,0.265395,0.488103,-0.324241,0.00913777,-0.141043,-0.00954688,-0.0311363,-0.371418
-0.0309236,0.260423,0.484895,-0.184532,0.15574,-0.153679,-0.00807245,-0.0240662,-0.292161
-0.0268078,0.259098,0.481919,0.0639028,0.216121,-0.130398,-0.00872756,-0.00575367,-0.21114
-0.0206205,0.263074,0.479194,0.29904,0.319548,-0.145416,-0.0299713,0.0234318,-0.105518
-0.0128285,0.269464,0.476122,0.29935,0.368431,-0.162443,-0.0586797,0.0531259,0.0316597
-0.00576821,0.274383,0.472916,0.197342,0.221025,-0.145307,-0.085039,0.0646387,0.11521
-0.0035669,0.278336,0.470182,0.22072,-0.0787415,-0.118273,-0.113697,0.0737062,0.105627
-0.0068799,0.283602,0.468011,0.309156,-0.297851,-0.0946512,-0.167574,0.102295,0.0580534
-0.0129917,0.2907,0.465807,0.401285,-0.364439,-0.136751,-0.22498,0.119371,0.025254
-0.0193494,0.299535,0.462076,0.469954,-0.338304,-0.255806,-0.221793,0.111391,0.0464661
-0.0212387,0.308699,0.455275,0.413273,-0.0216361,-0.41019,-0.198624,0.116091,0.104889
-0.0149414,0.315477,0.44555,0.248261,0.325354,-0.519372,-0.169695,0.123136,0.198086
-0.00346092,0.319479,0.434124,0.165532,0.416254,-0.564679,-0.131632,0.115585,0.269813
0.00661861,0.3226,0.422366,0.161991,0.181388,-0.545635,-0.0880032,0.103227,0.319167
0.0104378,0.326085,0.411426,0.191545,-0.144679,-0.494261,-0.0713347,0.0946136,0.327196
0.00768848,0.330062,0.401344,0.217752,-0.451765,-0.460428,-0.068278,0.0858815,0.297282
0.000448139,0.334827,0.391463,0.259162,-0.559647,-0.484381,-0.0605429,0.0704881,0.227075
-0.00647065,0.339815,0.38091,0.220975,-0.469429,-0.513149,-0.0540037,0.0722039,0.18062
-0.0103497,0.343449,0.36983,0.140416,-0.292576,-0.540536,-0.0455528,0.0653132,0.150823
-0.0109639,0.345841,0.357846,0.0935095,-0.188503,-0.590407,-0.0402073,0.0619346,0.132033
-0.0101096,0.347573,0.345139,0.0707165,-0.167744,-0.60295,-0.0210279,0.0531262,0.124831
-0.00938196,0.348865,0.332559,0.0483785,-0.184962,-0.581939,-0.0152769,0.0518997,0.120506
-0.00879789,0.349761,0.32046,0.0322368,-0.167576,-0.564979,-0.0199636,0.0378026,0.109691
-0.00782302,0.350129,0.308229,-0.00908316,-0.163899,-0.587356,-0.0297763,0.0219738,0.114028
-0.00664048,0.349668,0.295416,-0.0495269,-0.147674,-0.614398,-0.0239433,0.00790009,0.106427
-0.00437036,0.348194,0.282353,-0.11369,-0.0598788,-0.600354,-0.0107692,0.00514135,0.097559
-0.00147209,0.345082,0.270024,-0.203186,-0.0773178,-0.565245,0.0138518,-0.0201241,0.105704
0.00095246,0.340577,0.258219,-0.241943,-0.0580089,-0.547714,0.0084559,-0.0318744,0.0703081
0.00370321,0.335671,0.247263,-0.235223,-0.0274743,-0.480089,0.00875631,-0.0446819,0.0314939
0.00595984,0.331711,0.238166,-0.150959,-0.0648799,-0.387617,0.0286821,-0.057075,0.0094651
0.00661918,0.329601,0.230752,-0.0576593,-0.0917298,-0.321106,0.0290918,-0.0808294,-0.0107127
0.00661918,0.329601,0.230752,-0.0576593,-0.0917298,-0.321106,0.0290918,-0.0808294,-0.0107127
0.00795916,0.328733,0.224319,-0.032964,0.0239934,-0.314386,0.0102284,-0.0996717,-0.0335125
0.012197,0.327886,0.217099,-0.0538679,0.165548,-0.366792,-0.0142325,-0.120874,-0.0504767
0.0189629,0.326109,0.209329,-0.11354,0.244433,-0.364966,-0.00134556,-0.131438,-0.0651119
0.0264802,0.323775,0.201857,-0.0968186,0.252953,-0.353188,-0.00437995,-0.129668,-0.122573
0.0327541,0.322487,0.194744,-0.00703791,0.145582,-0.32407,0.0259163,-0.137541,-0.172969
0.0370928,0.323421,0.188425,0.122968,0.111447,-0.264982,0.0552315,-0.145521,-0.231362
0.0415193,0.326924,0.183331,0.234541,0.191544,-0.207902,0.0637947,-0.122792,-0.269053
0.0480828,0.331616,0.179194,0.224657,0.329367,-0.166923,0.0597027,-0.103262,-0.253512
0.0564126,0.334306,0.175732,0.0378862,0.356931,-0.155467,0.0669323,-0.103786,-0.202037
0.0634256,0.332544,0.17241,-0.190281,0.229762,-0.179308,0.0675156,-0.124204,-0.192153
0.0674149,0.327068,0.168302,-0.30852,0.035668,-0.24519,0.0432781,-0.123129,-0.252016
0.0691802,0.320534,0.163224,-0.296499,0.0181635,-0.272257,0.0443658,-0.0916648,-0.32664
0.0726698,0.314903,0.158107,-0.217849,0.177754,-0.232842,0.0719099,-0.0518325,-0.354662
0.0793058,0.312087,0.155138,-0.0237597,0.403884,-0.0531644,0.106565,0.00396013,-0.319927
0.0890668,0.314183,0.156399,0.225637,0.597961,0.196749,0.124023,0.0606574,-0.211672
0.100411,0.321567,0.162427,0.445782,0.727891,0.435755,0.111866,0.0910326,-0.0662151
0.113064,0.332724,0.171866,0.545676,0.826651,0.556302,0.0570304,0.101369,0.0673562
0.125264,0.344587,0.182818,0.491608,0.708894,0.610515,0.0263287,0.086053,0.180117
0.132003,0.354739,0.194752,0.371355,0.352153,0.628891,0.0287817,0.0685221,0.227614
0.130376,0.362603,0.207222,0.261518,-0.0628928,0.628235,0.0551128,0.0418741,0.204355
0.122708,0.368502,0.21916,0.193568,-0.227271,0.544182,0.0404033,0.0317577,0.12875
0.115722,0.373236,0.228927,0.17589,-0.0981794,0.416078,0.014632,0.0408235,0.0534493
0.113318,0.377896,0.236354,0.220516,0.134446,0.339836,0.0158131,0.0627679,0.0201157
0.11603,0.383925,0.243,0.307177,0.361768,0.366087,0.0343514,0.104589,0.0396502
0.121011,0.391916,0.25102,0.404832,0.441011,0.461921,0.0503629,0.125811,0.0971383
0.126637,0.401839,0.260232,0.46413,0.465107,0.5071,0.0459479,0.117674,0.15542
0.131716,0.412332,0.26996,0.455053,0.421606,0.510834,0.0456878,0.11402,0.217808
0.136433,0.422166,0.279206,0.410349,0.442504,0.452887,0.0432896,0.0954519,0.22645
0.142613,0.430919,0.287017,0.355793,0.490382,0.384734,0.03488,0.092328,0.226491
0.149246,0.43803,0.293828,0.24793,0.451032,0.340319,0.0195056,0.104714,0.237197
0.154606,0.442598,0.300593,0.115781,0.368912,0.344786,0.0375595,0.0993247,0.2299
0.15748,0.445096,0.308264,0.0248747,0.258995,0.385111,0.0559749,0.0912042,0.202588
0.157608,0.446445,0.317293,-0.0128816,0.15918,0.430996,0.0433635,0.0925281,0.167099
0.156187,0.447084,0.326818,-0.0678075,0.107464,0.42443,0.0200905,0.0788985,0.155048
0.154396,0.446275,0.335993,-0.148404,0.125537,0.375418,0.000164017,0.0555255,0.134968
0.153687,0.443348,0.343977,-0.250323,0.130417,0.296409,0.00048095,0.0162004,0.112858
0.152553,0.438515,0.350721,-0.311543,0.0505775,0.240984,0.0363359,0.01244,0.0896775
0.151315,0.433019,0.357085,-0.311166,0.126141,0.262776,0.0552671,0.0194968,0.030617
0.152486,0.428289,0.364567,-0.248454,0.301533,0.343021,0.0554881,0.0265818,-0.0197467
0.15538,0.425527,0.373594,-0.173139,0.329982,0.420195,0.0503452,0.0244647,-0.0347371
0.154172,0.420168,0.384105,-0.51749,-0.0820547,0.423189,0.0711596,-0.0615228,0.245544
0.14421,0.40931,0.39387,-0.624748,-0.417758,0.308824,0.0450401,-0.0798979,0.124105
0.133692,0.39966,0.401291,-0.412586,-0.317462,0.232197,0.0478496,-0.0682466,-0.102911
0.12708,0.393517,0.40654,-0.299798,-0.148388,0.173093,0.0596302,-0.0670618,-0.166843
0.123501,0.386859,0.410478,-0.444354,-0.10215,0.119244,0.0705937,-0.0951761,-0.132042
0.117518,0.376603,0.415218,-0.601693,-0.32688,0.205054,0.141899,-0.0798831,-0.104357
0.106355,0.364927,0.422233,-0.623319,-0.504547,0.313435,0.120211,-0.0496131,-0.182228
0.0928245,0.353927,0.431101,-0.540461,-0.525358,0.392796,0.0860275,-0.0706063,-0.266734
0.0793785,0.344898,0.440147,-0.438842,-0.503553,0.370077,0.0368705,-0.0735507,-0.312555
0.0673941,0.337059,0.447803,-0.414796,-0.437928,0.286369,0.00543126,-0.0750793,-0.325821
0.057839,0.328316,0.452726,-0.514638,-0.376975,0.117908,-0.02588,-0.0767662,-0.326481
0.0497719,0.316326,0.453765,-0.68622,-0.416271,-0.084828,-0.03532,-0.100254,-0.337093
0.041579,0.302146,0.45096,-0.683973,-0.491807,-0.233178,-0.0270344,-0.111762,-0.407529
0.0334268,0.290534,0.446074,-0.430298,-0.428018,-0.267701,-0.00426422,-0.0905352,-0.483133
0.0334268,0.290534,0.446074,-0.430298,-0.428018,-0.267701,-0.00426422,-0.0905352,-0.483133
0.0289713,0.285542,0.441212,-0.0505881,-0.134596,-0.198199,0.00934561,-0.0346375,-0.472702
0.0299675,0.288052,0.438455,0.302817,0.139904,-0.0519488,0.00186537,0.0246553,-0.342626
0.0338598,0.296764,0.438409,0.543901,0.212198,0.0606687,-0.030695,0.0569685,-0.164606
0.036853,0.30858,0.439569,0.609485,0.0958139,0.0758499,-0.068048,0.0554609,0.00537205
0.036724,0.319966,0.440012,0.50064,-0.0967443,-0.00317702,-0.110704,0.0576219,0.11128
0.0335352,0.328091,0.438689,0.334946,-0.249731,-0.0918317,-0.154803,0.0715809,0.12586
0.0290569,0.334388,0.435707,0.336156,-0.280697,-0.168929,-0.190591,0.102667,0.0471025
0.0250261,0.342277,0.431611,0.476288,-0.249338,-0.188364,-0.187528,0.138886,-0.00559831
0.0229668,0.35308,0.427303,0.60177,-0.106783,-0.189988,-0.176669,0.158823,0.0138857
0.0242469,0.365522,0.422987,0.638161,0.0923106,-0.182984,-0.158202,0.182327,0.0928423
0.0293889,0.377748,0.418717,0.586245,0.244349,-0.183114,-0.131714,0.180169,0.189915
0.0359568,0.38866,0.414289,0.531043,0.229644,-0.192076,-0.114124,0.160245,0.25595
0.0412124,0.398988,0.409569,0.528324,0.0981046,-0.211079,-0.105424,0.13719,0.287127
0.0426303,0.408156,0.404087,0.317211,-0.231602,-0.251797,-0.0975425,0.131979,0.36862
0.0363865,0.411858,0.397154,0.12314,-0.636056,-0.386452,-0.0844687,0.103316,0.401963
0.0275149,0.413206,0.387693,0.0538995,-0.593961,-0.460025,-0.103062,0.112409,0.259608
0.0208881,0.413986,0.377082,0.0586153,-0.459702,-0.503919,-0.0798979,0.14065,0.17007
0.0182215,0.415183,0.366123,0.0791279,-0.263858,-0.497419,-0.0458016,0.119178,0.128605
0.0183543,0.416536,0.355037,0.078589,-0.191508,-0.514536,-0.0402673,0.109154,0.131932
0.0192177,0.418036,0.343904,0.0929414,-0.178954,-0.499443,-0.0312946,0.0977083,0.117882
0.0197477,0.419629,0.333076,0.0741639,-0.217018,-0.491339,-0.034177,0.0882229,0.115195
0.0195394,0.420199,0.322243,-0.00353198,-0.235627,-0.505972,-0.0332803,0.0745527,0.115989
0.0195824,0.41897,0.310979,-0.0987525,-0.21434,-0.528125,-0.0379529,0.0650688,0.0918153
0.0205175,0.415911,0.299277,-0.183043,-0.16133,-0.54883,-0.0378558,0.0508593,0.0621847
0.0222416,0.411536,0.287383,-0.223408,-0.142476,-0.548933,-0.0326052,0.0354543,0.0456449
0.0243282,0.406811,0.275704,-0.217952,-0.116754,-0.539464,-0.0292069,0.0238262,0.0324495
0.0265873,0.402103,0.264322,-0.232235,-0.111365,-0.519178,-0.0232278,0.011945,0.0441211
0.0282854,0.396901,0.253536,-0.261476,-0.137466,-0.488845,-0.0193082,-0.000446647,0.0612683
0.0293253,0.39148,0.24339,-0.246252,-0.139378,-0.469993,-0.029117,-0.0158427,0.047605
0.0305113,0.386572,0.233388,-0.225468,-0.115064,-0.47665,-0.0317344,-0.0357188,0.0440007
0.0329457,0.381577,0.223036,-0.255252,-0.0358688,-0.499001,-0.0383832,-0.0466374,0.0546197
0.0366816,0.37565,0.212276,-0.30503,-0.0029355,-0.530795,-0.0390142,-0.0605823,0.0674914
0.040717,0.368791,0.200769,-0.338682,-0.000578483,-0.569493,-0.0352528,-0.0764318,0.0687857
0.0449929,0.361294,0.188736,-0.358351,-0.0102182,-0.581128,-0.027868,-0.0764771,0.0521082
0.0482885,0.354489,0.177021,-0.240888,-0.0734957,-0.545343,-0.000163551,-0.093593,0.00539535
0.0504537,0.351244,0.166127,-0.0369905,-0.0678368,-0.496113,0.0249125,-0.106587,-0.0630581
0.0528338,0.351092,0.156487,0.0354537,-0.0227842,-0.401737,0.0600314,-0.093821,-0.0504563
0.0556148,0.350747,0.148939,-0.0560449,0.0165579,-0.320367,0.0533889,-0.101698,-0.00397068
0.0570868,0.348133,0.143035,-0.157443,-0.0648359,-0.248813,0.0512405,-0.107877,-2.70009e-05
0.0572289,0.344499,0.13853,-0.173976,-0.0650819,-0.199117,0.0359457,-0.11276,-0.0508813
0.0576494,0.341041,0.134876,-0.149641,-0.00917034,-0.161791,0.0398476,-0.124959,-0.0906527
0.0589196,0.338268,0.132042,-0.110382,0.0382115,-0.124382,0.0328304,-0.12536,-0.109316
0.06044,0.336687,0.130179,-0.0286693,0.0254504,-0.0543391,0.0249126,-0.124685,-0.131218
0.0596544,0.337225,0.129718,0.0848986,-0.126703,0.00263328,0.0108166,-0.106844,-0.148685
0.0562949,0.339646,0.129528,0.142141,-0.192205,-0.0210149,-0.00587076,-0.100837,-0.165631
0.0541852,0.342136,0.127937,0.0994147,-0.0344701,-0.129725,-0.0263615,-0.10673,-0.184724
0.0577294,0.342949,0.123523,0.00468603,0.244738,-0.283227,-0.0303964,-0.107903,-0.193377
0.0669252,0.341367,0.11613,-0.136497,0.386768,-0.422737,0.000322826,-0.107088,-0.175443
0.0770992,0.335924,0.106674,-0.354154,0.276578,-0.503832,0.0469417,-0.105249,-0.145872
0.0835714,0.325353,0.0960566,-0.619744,0.0218676,-0.590266,0.0681524,-0.107924,-0.18263
0.0860992,0.310313,0.0842216,-0.743175,-0.101249,-0.64586,0.0784232,-0.109651,-0.307668
0.0883938,0.296092,0.072652,-0.532027,0.0268502,-0.55529,0.127736,-0.0662784,-0.433359
0.0946597,0.288573,0.0643452,-0.143549,0.384628,-0.279344,0.189679,0.0103078,-0.431139
0.0946597,0.288573,0.0643452,-0.143549,0.384628,-0.279344,0.189679,0.0103078,-0.431139
0.105724,0.288736,0.062619,0.145499,0.629173,0.138112,0.209083,0.0837371,-0.270488
0.116243,0.294068,0.0696829,0.300025,0.594957,0.584487,0.211401,0.0974199,-0.0789121
0.121998,0.302865,0.0842916,0.401038,0.394996,0.882639,0.154916,0.0805593,0.0386697
0.121329,0.313416,0.102881,0.413162,0.0926468,0.98313,0.093254,0.0454931,0.112216
0.114211,0.322849,0.122133,0.290668,-0.190631,0.930618,0.0385619,0.0230346,0.147296
0.103269,0.328691,0.139613,0.113318,-0.30886,0.774412,0.000272602,0.0114187,0.127596
0.0929839,0.331144,0.15373,0.0199404,-0.243783,0.590446,-0.0160282,0.0190641,0.0784267
0.0859141,0.33279,0.164794,0.0750312,-0.100846,0.483506,-0.0016022,0.0562499,0.057417
0.0821058,0.336295,0.174395,0.199622,0.0339776,0.46794,0.0185583,0.104345,0.0865862
0.0807813,0.34232,0.184618,0.328134,0.170378,0.556243,0.0530168,0.134944,0.156421
0.080977,0.351171,0.196767,0.458461,0.244689,0.656258,0.0633913,0.159412,0.239345
0.0807083,0.361997,0.210599,0.501675,0.20103,0.721386,0.0703714,0.168122,0.340381
0.0787615,0.372609,0.225314,0.434171,0.136834,0.724448,0.0684272,0.16199,0.40884
0.0757821,0.380979,0.239598,0.290489,0.0855095,0.66162,0.0510414,0.156864,0.433571
0.0720138,0.38618,0.252496,0.141031,0.0154535,0.573673,0.0538308,0.138189,0.411228
0.0669443,0.38844,0.264124,0.00567536,-0.091236,0.533499,0.0808048,0.131767,0.36137
0.0591655,0.388163,0.276257,-0.101496,-0.234681,0.601189,0.127611,0.121455,0.285116
0.0477258,0.386077,0.290081,-0.179425,-0.373396,0.660351,0.11535,0.111451,0.179733
0.0346731,0.382378,0.304836,-0.239418,-0.340564,0.691679,0.0899231,0.0931441,0.0663368
0.0244385,0.377868,0.319415,-0.253876,-0.140407,0.631408,0.0561758,0.0579658,-0.0393454
0.0192192,0.372762,0.331582,-0.284655,0.0622124,0.489979,0.0253299,0.0270921,-0.0975794
0.0188121,0.366709,0.340661,-0.346689,0.211266,0.354249,0.0475643,0.00025326,-0.1131
0.0211256,0.358875,0.347751,-0.443027,0.265327,0.311833,0.0740023,-0.0022338,-0.103421
0.0244246,0.35028,0.355028,-0.408174,0.329581,0.358277,0.0966134,0.00386631,-0.119796
0.0289844,0.343526,0.363651,-0.283142,0.42055,0.437476,0.0976824,0.00883645,-0.106964
0.034727,0.339273,0.373956,-0.181504,0.494359,0.525117,0.0894821,0.00792715,-0.0408177
0.0410671,0.33652,0.386037,-0.152954,0.538685,0.603253,0.0815171,-0.00155264,0.0460953
0.0471581,0.33347,0.399416,-0.208876,0.504835,0.643841,0.0507779,-0.0138317,0.122069
0.0516919,0.329554,0.413535,-0.245489,0.402283,0.671898,0.0372017,-0.0323209,0.155723
0.0533191,0.324999,0.42808,-0.288561,0.219891,0.686716,0.0309474,-0.0399294,0.169235
0.051298,0.319575,0.443373,-0.323067,0.0741951,0.738511,0.0473137,-0.054138,0.145859
0.0465412,0.313906,0.45962,-0.313211,-0.0383029,0.77784,0.0411677,-0.0650334,0.0860453
0.0400886,0.308832,0.476545,-0.267608,-0.0726045,0.813903,0.0427509,-0.0852446,0.00641292
0.0334047,0.304181,0.493771,-0.265532,-0.0754887,0.806134,0.0212964,-0.100162,-0.0432659
0.0269319,0.299258,0.510088,-0.274127,-0.103207,0.730408,-0.00305718,-0.127384,-0.0889804
0.0200936,0.293755,0.523852,-0.330727,-0.187463,0.560882,-0.0439813,-0.129366,-0.137695
0.0123985,0.285713,0.533403,-0.497632,-0.311738,0.349032,-0.0546659,-0.135379,-0.193918
0.00345702,0.274374,0.539019,-0.632318,-0.420502,0.195418,-0.00293094,-0.149465,-0.2915
-0.0052402,0.261442,0.542078,-0.64243,-0.326485,0.120992,0.0334435,-0.13624,-0.408568
-0.0093963,0.249702,0.544612,-0.520748,-0.0216618,0.146226,0.0528823,-0.112382,-0.495015
-0.00841406,0.240654,0.548331,-0.399276,0.171399,0.219263,0.0583424,-0.0931743,-0.480497
-0.00665489,0.232561,0.552944,-0.440445,0.0672053,0.219537,0.0471404,-0.108473,-0.400538
-0.00877879,0.222846,0.556785,-0.505405,-0.183713,0.154567,0.0152297,-0.136705,-0.39032
-0.0144499,0.214099,0.558905,-0.338257,-0.308529,0.0610247,-0.00966889,-0.124875,-0.4794
-0.019339,0.210146,0.559379,-0.0536422,-0.118582,0.00967751,-0.00754636,-0.0821991,-0.514278
-0.0178298,0.2119,0.56007,0.232535,0.292688,0.0769987,0.0186661,-0.024057,-0.442185
-0.00898053,0.219659,0.563188,0.545734,0.631136,0.219839,0.0309662,0.03296,-0.29604
0.00382258,0.232934,0.568809,0.753138,0.736045,0.313124,0.0121498,0.0674732,-0.101355
0.0153568,0.248259,0.575644,0.744182,0.537228,0.366313,-0.0237965,0.0883677,0.0832564
0.0198241,0.262022,0.583532,0.621244,0.0928893,0.418318,-0.0370447,0.0984961,0.181941
0.015677,0.273547,0.592061,0.532714,-0.233945,0.416123,-0.0639673,0.109138,0.166634
0.0083977,0.283983,0.599861,0.514361,-0.247409,0.33878,-0.117268,0.13858,0.100614
0.00358374,0.294601,0.605994,0.552605,-0.0389725,0.262844,-0.134746,0.169356,0.0811183
0.00417944,0.306285,0.611171,0.620876,0.259165,0.250074,-0.114138,0.200307,0.133231
0.00417944,0.306285,0.611171,0.620876,0.259165,0.250074,-0.114138,0.200307,0.133231
0.010211,0.319218,0.616734,0.665138,0.484192,0.296307,-0.0887202,0.220562,0.242858
0.0186075,0.332585,0.623431,0.658639,0.55188,0.362889,-0.0797511,0.225154,0.370316
0.0260523,0.345389,0.631569,0.60654,0.435194,0.436562,-0.0775046,0.214418,0.473721
0.0291929,0.357031,0.640956,0.531237,0.192447,0.469209,-0.0809826,0.186637,0.524522
0.027235,0.367068,0.650123,0.446415,-0.0582485,0.404195,-0.0897485,0.144052,0.529305
0.0214243,0.374896,0.657205,0.313643,-0.259339,0.275479,-0.102927,0.116252,0.502552
0.013059,0.379337,0.661769,0.12054,-0.406462,0.173742,-0.0834498,0.108739,0.448484
0.00272925,0.379679,0.665181,-0.0839858,-0.500464,0.145856,-0.0470905,0.101747,0.356942
-0.00857669,0.37676,0.667928,-0.181349,-0.512606,0.0998782,-0.0544334,0.0784201,0.215258
-0.0181205,0.373254,0.668994,-0.16823,-0.397394,-0.00385721,-0.0508465,0.0435109,0.0752494
-0.0237412,0.369528,0.667445,-0.22357,-0.205853,-0.125113,-0.0581857,0.0418854,0.0150446
-0.0242852,0.364083,0.664115,-0.329898,0.0312407,-0.157525,-0.0258471,0.0455155,-0.0112442
-0.0210154,0.356754,0.661016,-0.404641,0.167353,-0.109407,0.0141366,0.0465311,-0.0259097
-0.0165801,0.348444,0.659568,-0.420727,0.222458,-0.00534759,0.0362129,0.0382135,-0.0338265
-0.011819,0.340455,0.660535,-0.37534,0.280381,0.105864,0.0507217,0.00736272,-0.0391219
-0.00699756,0.33378,0.663859,-0.285999,0.323888,0.214368,0.0355725,-0.0114333,-0.0306306
-0.00208947,0.328915,0.669317,-0.208143,0.34112,0.303886,0.0214325,-0.0298887,0.00635827
0.00211269,0.324682,0.676252,-0.224477,0.303153,0.350214,-0.00880766,-0.0478438,0.056835
0.00496367,0.319911,0.683716,-0.247983,0.208457,0.353414,-0.0360991,-0.0779582,0.0813621
0.00595017,0.315004,0.690524,-0.247962,0.105094,0.288767,-0.0548822,-0.1038,0.076236
0.00608711,0.310283,0.696157,-0.229234,0.104401,0.25277,-0.0500316,-0.111709,0.0653734
0.00757605,0.30584,0.701179,-0.2249,0.206466,0.229041,-0.0524819,-0.102424,0.0615686
0.0114131,0.301453,0.705926,-0.209148,0.312886,0.223166,-0.0511355,-0.102643,0.0727181
0.0166464,0.297801,0.710454,-0.165083,0.326237,0.203702,-0.0425089,-0.110878,0.0893353
0.0213547,0.294899,0.714477,-0.137675,0.262833,0.185134,-0.0308072,-0.111792,0.110727
0.0246967,0.292262,0.718558,-0.137247,0.197542,0.20588,-0.00307815,-0.10867,0.110653
0.0271983,0.289882,0.72339,-0.100357,0.203287,0.263617,0.0167865,-0.102421,0.077903
0.0299427,0.289012,0.729713,-0.00419322,0.257154,0.340441,0.029058,-0.0924968,0.0383879
0.0333719,0.289791,0.737471,0.0433906,0.299878,0.406852,0.0278096,-0.0827016,0.0372682
0.0364547,0.290627,0.746551,0.00271619,0.252714,0.463213,0.0243012,-0.0895452,0.0427854
0.0375825,0.2906,0.756704,-0.0382841,0.15804,0.508179,0.021497,-0.092043,0.00639147
0.0372772,0.290278,0.767672,-0.0251523,0.147825,0.54187,0.0175286,-0.0913751,-0.0713558
0.0378332,0.290668,0.779057,0.0244363,0.245147,0.545916,0.00573944,-0.0972728,-0.142044
0.0401767,0.291753,0.790253,0.0292875,0.300264,0.530225,0.00804028,-0.113614,-0.167406
0.0426978,0.292,0.800916,-0.0630422,0.228052,0.481445,-0.0007778,-0.123326,-0.166021
0.0430931,0.289507,0.809589,-0.22726,0.0662635,0.329695,-0.0315518,-0.128232,-0.196161
0.0419538,0.284002,0.815217,-0.324226,0.0104339,0.200766,-0.0230341,-0.119581,-0.271417
0.043113,0.278281,0.819176,-0.232971,0.272348,0.170842,0.025453,-0.078828,-0.3569
0.0516986,0.275825,0.823564,-0.0350776,0.706397,0.261494,0.0575929,-0.0118692,-0.347892
0.066942,0.277029,0.830838,0.0991582,0.985116,0.454414,0.0904284,0.0363161,-0.206465
0.0844723,0.280771,0.841612,0.185137,1.038,0.596921,0.0818348,0.0388305,-0.0385098
0.100602,0.285868,0.854218,0.195963,0.905908,0.656099,0.0527676,0.0387956,0.109413
0.112366,0.291229,0.868227,0.193433,0.676829,0.74891,0.0654436,0.0511982,0.210426
0.119344,0.297042,0.88455,0.198169,0.503269,0.876687,0.0813593,0.077804,0.256
0.122273,0.302744,0.903564,0.13882,0.354901,0.997499,0.0781433,0.108245,0.28727
0.12141,0.307236,0.925085,0.0604146,0.199877,1.09798,0.0872271,0.107326,0.285818
0.116437,0.310327,0.948356,-0.0208183,-0.00491278,1.13452,0.0919357,0.0927845,0.255295
0.106849,0.311403,0.972017,-0.123493,-0.222064,1.12509,0.109772,0.0710276,0.202793
0.0942509,0.310003,0.995577,-0.250575,-0.288204,1.09116,0.132482,0.0607835,0.108735
0.0824687,0.305473,1.01808,-0.383963,-0.182739,0.999044,0.121069,0.0564815,0.0053342
0.0741897,0.298451,1.03832,-0.458633,-0.0553606,0.875131,0.116869,0.0423155,-0.0897895
0.0682283,0.290809,1.05621,-0.399919,-0.037146,0.801121,0.127299,0.045501,-0.171277
0.0623738,0.285939,1.07354,-0.179951,-0.0429366,0.846413,0.180401,0.0514674,-0.236865
0.0575855,0.286085,1.09226,0.0781544,0.132269,0.958373,0.21865,0.0718712,-0.24748
0.0575855,0.286085,1.09226,0.0781544,0.132269,0.958373,0.21865,0.0718712,-0.24748
0.0572869,0.290307,1.11314,0.203265,0.422851,1.0648,0.2093,0.0988377,-0.173405
0.0606271,0.295522,1.13574,0.174725,0.526506,1.11995,0.18366,0.0913035,-0.0402246
0.0636084,0.29974,1.15877,0.104825,0.427672,1.10238,0.158278,0.0612018,0.0549521
0.0637391,0.302285,1.18112,0.00865603,0.250619,1.0499,0.142973,0.0448797,0.102104
0.0611064,0.302795,1.20244,-0.0793039,0.140273,0.987487,0.136717,0.0339069,0.0981874
0.0578439,0.301763,1.22271,-0.134001,0.148332,0.94522,0.131706,0.0393611,0.0649267
0.0552562,0.299844,1.24246,-0.164543,0.173865,0.933508,0.128541,0.0505287,0.0350249
0.0528174,0.29722,1.26212,-0.201887,0.154845,0.933345,0.115385,0.0555587,0.0188621
0.049896,0.294044,1.28167,-0.205536,0.13198,0.921626,0.0981242,0.0516968,-0.00250089
0.0469683,0.290871,1.30079,-0.196034,0.129828,0.895796,0.0737041,0.0458814,-0.0205402
0.0446276,0.287905,1.31924,-0.184513,0.163938,0.863157,0.0514007,0.037881,-0.0319515
0.0432036,0.285043,1.33701,-0.177783,0.194754,0.83209,0.032039,0.0315647,-0.0307325
0.0424083,0.282436,1.35429,-0.15122,0.209345,0.81892,0.0193734,0.0255982,-0.0282007
0.0420749,0.280621,1.37109,-0.101454,0.232163,0.785352,-0.00616107,0.0181175,-0.018696
0.042266,0.279578,1.38704,-0.0719973,0.223319,0.752669,-0.0163207,0.0140791,0.0112473
0.0425163,0.278939,1.40273,-0.0629882,0.230593,0.752734,-0.00819144,-0.00106218,0.0432584
0.0424636,0.278158,1.41842,-0.0823158,0.191837,0.751129,-0.0133075,-0.0141878,0.0792416
0.0418169,0.276676,1.43374,-0.128053,0.163707,0.720249,-0.0218126,-0.0417669,0.102592
0.040617,0.274165,1.44821,-0.177136,0.102479,0.663122,-0.0371971,-0.0695126,0.106374
0.0382322,0.271041,1.46142,-0.18305,0.00904561,0.601402,-0.029198,-0.0969043,0.0951433
0.034448,0.267813,1.47352,-0.186045,-0.0559666,0.557892,-0.00672409,-0.117869,0.068333
0.0297862,0.264045,1.48482,-0.230759,-0.116015,0.524147,0.0127239,-0.131224,0.043512
0.024128,0.259322,1.49565,-0.26337,-0.169426,0.515699,0.0430263,-0.150221,-0.00608373
0.0179335,0.254461,1.50636,-0.240908,-0.166517,0.514293,0.0535984,-0.160218,-0.0834734
0.0127328,0.250532,1.5169,-0.166016,-0.0887102,0.501823,0.057764,-0.176366,-0.155672
0.00924808,0.247796,1.52693,-0.136908,-0.0281324,0.464471,0.0718452,-0.19327,-0.175987
0.00613677,0.244575,1.53623,-0.204128,-0.069484,0.441611,0.0835846,-0.202924,-0.173333
0.00146656,0.239798,1.54519,-0.271518,-0.20141,0.429607,0.0962928,-0.202038,-0.213384
-0.00638909,0.233882,1.55357,-0.325227,-0.383883,0.385114,0.0671893,-0.180934,-0.309991
-0.0165514,0.226679,1.56067,-0.392619,-0.451801,0.317508,0.0563647,-0.154972,-0.40955
-0.025594,0.21846,1.56618,-0.41141,-0.305525,0.246275,0.0743758,-0.144236,-0.499704
-0.0300201,0.210727,1.5707,-0.34087,-0.0440456,0.229006,0.10209,-0.110211,-0.541482
-0.0298688,0.205084,1.5757,-0.204037,0.133541,0.290052,0.120837,-0.0582979,-0.504318
-0.027994,0.202433,1.58246,-0.0345396,0.185774,0.381543,0.122771,-0.00828251,-0.42066
-0.0256542,0.20351,1.59125,0.171562,0.240062,0.472125,0.102057,0.0380611,-0.332299
-0.021721,0.209391,1.60164,0.451603,0.3738,0.528323,0.0717668,0.079141,-0.239816
-0.015615,0.220532,1.61268,0.654629,0.457367,0.533653,0.0401692,0.126296,-0.111465
-0.00877024,0.233849,1.62395,0.668201,0.458029,0.552812,0.0153522,0.159809,0.0250057
-0.00427921,0.246092,1.63529,0.550668,0.231511,0.536298,-0.0332337,0.183435,0.110976
-0.00556273,0.255531,1.64582,0.407264,-0.103507,0.477715,-0.098637,0.211561,0.120835
-0.0125294,0.263573,1.65469,0.43837,-0.334054,0.360248,-0.152332,0.217944,0.032574
-0.0212505,0.27382,1.66046,0.598965,-0.348155,0.182086,-0.172933,0.227625,-0.043942
-0.0266708,0.286592,1.66334,0.6618,-0.0768066,0.0843038,-0.126443,0.257141,-0.0228024
-0.0245256,0.299004,1.6654,0.5692,0.353149,0.0863817,-0.0677972,0.277281,0.0691429
-0.0157664,0.308916,1.66797,0.440689,0.548114,0.142087,-0.0363873,0.277644,0.186737
-0.00672203,0.317145,1.67199,0.408148,0.44532,0.232882,-0.0173253,0.243801,0.265858
-0.00204441,0.325757,1.67772,0.46064,0.202293,0.303408,-0.0170907,0.209888,0.308933
-0.00233922,0.335329,1.68451,0.490709,0.0138996,0.333555,-0.0210759,0.187601,0.328058
-0.00493121,0.344667,1.69151,0.428688,-0.0222055,0.318627,-0.0213292,0.168145,0.343062
-0.00694627,0.351827,1.69784,0.281409,0.0356519,0.274549,-0.0160317,0.14779,0.337785
-0.00728203,0.355812,1.7032,0.121297,0.114848,0.225818,-0.016108,0.129098,0.306571
-0.00613264,0.357048,1.70779,0.0156951,0.130936,0.215597,-0.00582023,0.107872,0.264018
-0.00655886,0.356832,1.71273,-0.0249777,-0.0299255,0.255389,0.0156825,0.091495,0.219932
-0.0118936,0.356397,1.71893,-0.00323358,-0.280349,0.325596,0.0255961,0.0791702,0.150457
-0.0118936,0.356397,1.71893,-0.00323358,-0.280349,0.325596,0.0255961,0.0791702,0.150457
-0.0209915,0.356824,1.72614,0.0496978,-0.341395,0.341431,0.015487,0.065822,0.0548772
-0.0288177,0.357447,1.73312,0.0139709,-0.169371,0.308993,0.00201397,0.0569764,-0.0024845
-0.0317434,0.356693,1.73915,-0.0716938,0.0886359,0.255931,-0.0133808,0.0472211,-0.0392455
-0.0295466,0.354704,1.74415,-0.0961213,0.284057,0.224271,-0.02143,0.0365832,-0.0620497
-0.0250112,0.353091,1.74897,-0.0507508,0.328979,0.240368,-0.00488492,0.0285235,-0.0503731
-0.0205344,0.352079,1.75453,-0.0472183,0.318708,0.292369,0.000184752,0.0324261,-0.00499094
-0.0163618,0.350803,1.7613,-0.0587731,0.315742,0.348779,-0.0157327,0.0299164,0.027518
-0.0132889,0.349698,1.76891,-0.0459068,0.24731,0.360658,-0.0340703,0.0182882,0.0468153
-0.011612,0.348912,1.77668,-0.0173128,0.200739,0.374443,-0.0387246,0.00331369,0.0622252
-0.0101855,0.348874,1.78462,0.0156452,0.218885,0.366009,-0.0515396,-0.00525147,0.074124
-0.00788759,0.349099,1.79209,0.00615229,0.26611,0.339078,-0.0643808,-0.0102897,0.0999152
-0.00506559,0.348638,1.79895,-0.0499541,0.237288,0.298864,-0.0746611,-0.0191455,0.126396
-0.00294441,0.347053,1.80469,-0.109861,0.176286,0.236452,-0.0732808,-0.0336056,0.128043
-0.00101123,0.343991,1.80883,-0.200604,0.158732,0.156514,-0.0636384,-0.0448331,0.100061
0.00158306,0.339479,1.8115,-0.244508,0.194104,0.101461,-0.0657779,-0.0413332,0.038844
0.00435515,0.334843,1.8136,-0.204508,0.135887,0.106875,-0.0486841,-0.0335613,-0.0211691
0.00596564,0.331899,1.81618,-0.0921707,0.127097,0.131005,-0.0230807,-0.0417305,-0.0908005
0.0080892,0.330879,1.819,-0.0286328,0.184121,0.137444,-0.0344447,-0.0318452,-0.127119
0.0111088,0.330282,1.82206,-0.0420594,0.208385,0.152525,-0.0137582,-0.0397041,-0.137268
0.0141129,0.329177,1.82537,-0.0726686,0.207181,0.15516,-0.00706802,-0.0586481,-0.165144
0.0175162,0.327656,1.82832,-0.0836885,0.237765,0.124025,-0.0197877,-0.0783373,-0.222795
0.0220724,0.325712,1.83049,-0.121856,0.303392,0.0697034,-0.0242366,-0.0920652,-0.265622
0.0289533,0.322567,1.83108,-0.194583,0.405589,-0.028083,-0.036413,-0.103347,-0.299913
0.0384406,0.317932,1.82934,-0.267199,0.480792,-0.150599,-0.042639,-0.100514,-0.322104
0.0494473,0.311918,1.82556,-0.318101,0.494366,-0.219089,-0.0123588,-0.0843504,-0.329034
0.0602977,0.305383,1.82149,-0.310444,0.471107,-0.188625,0.0368722,-0.0550396,-0.324124
0.0700339,0.299366,1.81914,-0.273984,0.433021,-0.0648298,0.0773924,-0.0199661,-0.294072
0.0781797,0.294587,1.81986,-0.201259,0.409127,0.100708,0.0960713,-0.00526428,-0.25143
0.0851248,0.292042,1.82375,-0.0680527,0.40358,0.244461,0.0782308,0.00691754,-0.213824
0.0913229,0.293445,1.83016,0.172185,0.417057,0.390066,0.0675487,0.0224978,-0.160719
0.0974038,0.300382,1.83932,0.413056,0.452903,0.5487,0.0796817,0.0479449,-0.0549347
0.102623,0.31031,1.85135,0.422656,0.408333,0.692777,0.077789,0.0721232,0.105646
0.104163,0.318544,1.86617,0.231102,0.175995,0.786561,0.0675615,0.0586065,0.223872
0.0987974,0.322379,1.88217,0.00127203,-0.202652,0.742173,0.0410577,0.0301421,0.251217
0.0882183,0.322407,1.89638,-0.096919,-0.351716,0.594618,0.0143971,-0.00643787,0.15307
0.0789178,0.321474,1.90728,-0.0634315,-0.194662,0.43992,1.46031e-06,0.0206926,0.0487841
0.0757214,0.322189,1.91573,0.085095,0.159727,0.388618,0.021429,0.0675132,0.0101271
0.0785282,0.326337,1.92426,0.262403,0.335487,0.470135,0.0509217,0.115223,0.085997
0.0814832,0.333405,1.93463,0.338604,0.282695,0.563989,0.071908,0.132911,0.22552
0.0823331,0.340918,1.94668,0.30734,0.208662,0.629672,0.0557328,0.137621,0.325059
0.0816012,0.347649,1.95961,0.259031,0.149024,0.628014,0.0363265,0.125432,0.363867
0.079632,0.35324,1.97209,0.200338,0.0895627,0.589739,0.0256903,0.113731,0.365444
0.0769123,0.357384,1.98422,0.122067,0.0530843,0.590013,0.0450534,0.103334,0.339045
0.0728851,0.359826,1.99694,0.0294628,-0.0091403,0.620105,0.0572551,0.102493,0.296388
0.0671061,0.360165,2.01045,-0.082585,-0.0955627,0.647644,0.05802,0.0875204,0.238008
0.0595351,0.358443,2.02439,-0.163251,-0.16629,0.639517,0.0428077,0.0648517,0.157411
0.0516208,0.355752,2.03744,-0.169336,-0.148919,0.557372,0.00714447,0.0415781,0.0551854
0.0459787,0.352996,2.04814,-0.163758,-0.0395279,0.436457,-0.0139536,0.0245738,-0.012861
0.0433125,0.349645,2.05641,-0.224118,0.0417972,0.329982,-0.0105734,0.0175829,-0.0234535
0.0419524,0.344406,2.06283,-0.32091,0.0308394,0.256866,-0.00897478,0.0108402,-0.0320709
0.0409837,0.338068,2.06766,-0.319651,0.0528724,0.168219,-0.0112482,-0.00648475,-0.0807257
0.0423166,0.332456,2.07052,-0.246641,0.18669,0.0858299,-0.00838653,-0.0101825,-0.113388
0.0471299,0.328392,2.07237,-0.174381,0.349687,0.0821184,0.0215521,-0.00113297,-0.0877377
0.0542039,0.325335,2.07483,-0.151693,0.420714,0.142411,0.0350294,0.0148019,-0.0107419
0.0542039,0.325335,2.07483,-0.151693,0.420714,0.142411,0.0350294,0.0148019,-0.0107419
0.061118,0.322607,2.07872,-0.139123,0.385851,0.205335,0.0260707,0.00397518,0.0592971
0.0664194,0.320311,2.08349,-0.124772,0.294856,0.222729,0.00621913,-0.0157657,0.100289
0.0699178,0.317829,2.08837,-0.165886,0.20963,0.220167,-0.00703564,-0.0278267,0.136896
0.0716879,0.314221,2.09315,-0.226678,0.111331,0.207541,-0.00487178,-0.0439363,0.146837
0.0716824,0.309705,2.09772,-0.249331,0.0342162,0.200037,0.00953008,-0.0509965,0.116634
0.0700277,0.305192,2.10267,-0.232054,-0.0406133,0.247436,0.0312549,-0.0485534,0.0721182
0.0670626,0.301096,2.10881,-0.225077,-0.0726984,0.309621,0.0460336,-0.0474572,0.0329738
0.0634607,0.296933,2.11577,-0.241019,-0.078319,0.320966,0.0418658,-0.0656114,-0.00161904
0.0598869,0.292523,2.12258,-0.233087,-0.0795475,0.300354,0.0434758,-0.0900491,-0.0460739
0.0568116,0.28862,2.12868,-0.195318,-0.0551277,0.268253,0.0518757,-0.103981,-0.0923628
0.0540788,0.285143,2.13429,-0.195163,-0.0596219,0.255392,0.0660043,-0.105211,-0.118045
0.0507618,0.280988,2.13995,-0.256653,-0.126744,0.269014,0.0800494,-0.111016,-0.146504
0.045729,0.275808,2.14598,-0.280733,-0.197289,0.280635,0.078314,-0.117858,-0.22389
0.0400266,0.270735,2.15173,-0.248369,-0.207726,0.242923,0.0482643,-0.110215,-0.318752
0.0351088,0.266161,2.15638,-0.230299,-0.154694,0.194319,0.0248656,-0.0956897,-0.383692
0.031736,0.261707,2.16021,-0.232272,-0.0941499,0.163468,0.0226183,-0.0898263,-0.411871
0.0286839,0.256952,2.16342,-0.2653,-0.1514,0.132243,0.0120871,-0.0837263,-0.408625
0.0231428,0.251325,2.16584,-0.306514,-0.358776,0.0815443,-0.0144943,-0.0828252,-0.41345
0.0136428,0.245148,2.16665,-0.301522,-0.549618,-0.0225484,-0.0514577,-0.0809548,-0.465032
0.00309493,0.239954,2.16478,-0.198286,-0.506536,-0.166169,-0.0855104,-0.0613994,-0.541992
-0.00322725,0.238446,2.15998,0.0640601,-0.203149,-0.275576,-0.100715,-0.0194073,-0.56846
-0.00214968,0.24351,2.15461,0.455145,0.197073,-0.23578,-0.0662578,0.0428073,-0.481317
0.00622543,0.256184,2.15077,0.782712,0.520121,-0.144698,-0.0497996,0.0940583,-0.267457
0.0189627,0.273285,2.14804,0.905232,0.643287,-0.105024,-0.0908744,0.130522,-0.0149142
0.0308657,0.290903,2.14543,0.840897,0.420006,-0.112093,-0.141716,0.145231,0.197565
0.0356342,0.305869,2.14179,0.656981,-0.0696554,-0.198806,-0.191535,0.143025,0.333001
0.0311843,0.316737,2.13568,0.464187,-0.532825,-0.355874,-0.228801,0.137395,0.35841
0.0212635,0.324552,2.12591,0.36719,-0.73179,-0.546536,-0.236994,0.147101,0.29786
0.0112855,0.331821,2.11281,0.386483,-0.648251,-0.67668,-0.201847,0.175466,0.229112
0.00615883,0.339104,2.09753,0.34657,-0.346953,-0.75572,-0.153193,0.198533,0.229946
0.00762901,0.34504,2.08105,0.253392,-0.102357,-0.792668,-0.121086,0.20173,0.284739
0.0113989,0.349215,2.06376,0.195014,-0.151673,-0.836265,-0.101897,0.175015,0.34609
0.0123366,0.352929,2.04537,0.201464,-0.412554,-0.889067,-0.0844976,0.152273,0.365509
0.00807168,0.356782,2.02618,0.197277,-0.658286,-0.902596,-0.0426431,0.138308,0.357405
0.000705344,0.3604,2.00731,0.16731,-0.720663,-0.864594,-0.00534438,0.141894,0.310771
-0.00678711,0.363231,1.98951,0.110002,-0.652121,-0.804926,0.00512362,0.147502,0.252069
-0.0128537,0.36492,1.9729,0.0339691,-0.560614,-0.759496,-0.000474601,0.139071,0.188531
-0.0179788,0.364841,1.95687,-0.0559721,-0.528329,-0.753524,-0.00218733,0.107991,0.139123
-0.0223249,0.363712,1.94027,-0.0738559,-0.499232,-0.816876,-0.00381058,0.0586568,0.0670558
-0.0251461,0.362479,1.92188,-0.100487,-0.42483,-0.894241,-0.0175059,0.0498903,0.0100425
-0.0253893,0.360145,1.90265,-0.183515,-0.280487,-0.890189,-0.00628657,0.0548936,-0.0179927
-0.0233585,0.356283,1.88404,-0.229526,-0.176031,-0.843759,0.00600532,0.050545,-0.0395575
-0.0200388,0.352425,1.86674,-0.179103,-0.103342,-0.775669,0.0174022,0.0336512,-0.0516707
-0.0160984,0.350196,1.85096,-0.0662684,-0.0437838,-0.70491,0.0193627,0.0224034,-0.0431008
-0.011711,0.349948,1.83684,0.0056034,-0.0118592,-0.627397,0.0127253,0.0222011,0.00814313
-0.0079421,0.349929,1.82427,-0.036078,-0.0624447,-0.562183,0.011306,0.0100673,0.0845396
-0.00609392,0.348467,1.8128,-0.113907,-0.134853,-0.521278,0.00469012,-0.0050391,0.126617
-0.00556258,0.34562,1.80189,-0.180712,-0.184516,-0.513712,-0.0133362,-0.0157731,0.126032
-0.00572147,0.341592,1.79073,-0.225743,-0.194927,-0.540276,-0.0336563,-0.0301398,0.108375
-0.00572569,0.336709,1.77913,-0.272316,-0.202123,-0.551404,-0.0231297,-0.0433662,0.0968162
-0.00617505,0.330712,1.76749,-0.330043,-0.227973,-0.544793,-0.0170935,-0.0445307,0.0805437
-0.00702262,0.324122,1.75621,-0.333431,-0.213926,-0.521267,-0.00555003,-0.0512592,0.0443735
-0.00737599,0.317663,1.74547,-0.319961,-0.152742,-0.493143,-0.004254,-0.0541536,0.0118623
-0.00635858,0.311543,1.73531,-0.291318,-0.0582674,-0.466355,0.00318389,-0.0637571,-0.00669944
-0.00635858,0.311543,1.73531,-0.291318,-0.0582674,-0.466355,0.00318389,-0.0637571,-0.00669944
-0.00405161,0.30626,1.72582,-0.249152,-0.01847,-0.436934,0.0121334,-0.0757944,-0.0118109
-0.00189987,0.301453,1.71714,-0.23348,-0.0270013,-0.380094,0.0208267,-0.078519,-0.00700974
-0.000181097,0.297429,1.71019,-0.160268,-0.000131409,-0.28688,0.0427605,-0.0874602,-0.0324324
0.00197502,0.295164,1.70499,-0.0700168,0.0654979,-0.210498,0.0305202,-0.0845612,-0.0552255
0.00481825,0.294326,1.70127,-0.0211986,0.107413,-0.150843,0.0344516,-0.0978145,-0.0588059
0.00805638,0.294019,1.69852,-0.01403,0.132789,-0.116182,0.0287886,-0.106515,-0.0645811
0.0111506,0.293558,1.69651,-0.0293904,0.109493,-0.0764475,0.0217822,-0.106972,-0.0909042
0.0130761,0.292854,1.69533,-0.0342771,0.0535523,-0.0404367,0.0217066,-0.10789,-0.14097
0.0144454,0.292296,1.69475,-0.0221959,0.0690806,-0.0248127,0.0167465,-0.102855,-0.208332
0.0166789,0.292276,1.69405,0.0252645,0.151046,-0.0479771,0.0160117,-0.100021,-0.27237
0.0214594,0.29322,1.69259,0.0683298,0.285803,-0.087886,0.0294307,-0.0990103,-0.308634
0.0284669,0.294134,1.69055,0.00374729,0.349105,-0.104627,0.0563928,-0.0841126,-0.289107
0.0356914,0.292286,1.68843,-0.193996,0.302319,-0.106527,0.0636385,-0.0640308,-0.263008
0.0416968,0.286838,1.68624,-0.3215,0.240433,-0.129447,0.0582088,-0.0626149,-0.305606
0.0469057,0.2805,1.68345,-0.277575,0.230134,-0.158022,0.0609012,-0.0508311,-0.359231
0.0534868,0.276455,1.6809,-0.0933979,0.386913,-0.0862421,0.0945801,-0.0186028,-0.383295
0.0635508,0.277698,1.68112,0.23158,0.619781,0.139667,0.13378,0.034946,-0.329559
0.0753875,0.286185,1.68645,0.557662,0.685679,0.429507,0.14932,0.0807564,-0.169282
0.0855971,0.299461,1.6966,0.643098,0.615736,0.635327,0.117455,0.0901716,0.037828
0.0917159,0.312184,1.70989,0.489624,0.382614,0.721836,0.0711038,0.0677273,0.202594
0.0918475,0.320783,1.72406,0.233865,0.0658177,0.682018,0.0424006,0.0288409,0.267697
0.0862609,0.323673,1.73673,-0.0480463,-0.197382,0.536529,0.0231934,0.00162902,0.23323
0.0782936,0.321655,1.74676,-0.205739,-0.252872,0.404591,0.0270704,0.00977114,0.108695
0.0716065,0.31832,1.75483,-0.153279,-0.137856,0.351462,0.0507624,0.0441572,-0.0161722
0.0681948,0.31757,1.76242,0.0281119,0.0415197,0.382372,0.0722284,0.0847044,-0.0702317
0.0680193,0.320415,1.77118,0.191686,0.206227,0.471229,0.0870427,0.110218,-0.0314683
0.0698018,0.326105,1.78138,0.298426,0.280621,0.52351,0.0875409,0.111112,0.0580733
0.0721015,0.333156,1.79184,0.325248,0.282198,0.505141,0.0670998,0.108125,0.15867
0.074561,0.34013,1.80146,0.301579,0.275578,0.452589,0.0465512,0.111961,0.227003
0.0770368,0.346758,1.81023,0.30392,0.275447,0.430733,0.0667193,0.110816,0.264686
0.0794195,0.35365,1.81922,0.310614,0.271711,0.475116,0.0852112,0.130503,0.291222
0.0809612,0.360061,1.82985,0.234731,0.232212,0.588444,0.100476,0.157446,0.330088
0.0795581,0.364657,1.84362,0.122723,0.112897,0.72376,0.103074,0.148285,0.339921
0.0750231,0.367251,1.85941,0.0263168,0.0102574,0.755513,0.0810769,0.108532,0.295225
0.0693837,0.368138,1.87531,-0.0408757,0.00278747,0.727901,0.0506277,0.0735478,0.223296
0.0639624,0.367794,1.89052,-0.0869183,-0.00434285,0.690434,0.0557583,0.0426024,0.16623
0.0580242,0.366531,1.90538,-0.130117,-0.0662298,0.697284,0.0754534,0.0241046,0.133619
0.0505868,0.363898,1.92088,-0.218928,-0.121636,0.736019,0.0713221,0.02105,0.104464
0.0420756,0.358988,1.93703,-0.345354,-0.152906,0.745281,0.0518201,0.0103383,0.0640407
0.0339029,0.352192,1.95248,-0.377479,-0.112289,0.658884,0.0137928,-0.0294485,-0.0103612
0.0283361,0.345097,1.96462,-0.369353,-0.0207333,0.453646,-0.0429582,-0.0532831,-0.0726103
0.0266091,0.33791,1.97234,-0.372168,0.102214,0.273799,-0.032746,-0.0602988,-0.0913846
0.0278515,0.330712,1.97779,-0.350171,0.204989,0.245724,0.0250375,-0.0382595,-0.0830436
0.0310083,0.32479,1.98383,-0.249284,0.300188,0.322398,0.058905,-0.0141882,-0.0734134
0.0350663,0.321273,1.9917,-0.133613,0.345152,0.414009,0.0615072,-0.00604814,-0.0282659
0.0388845,0.319447,2.00105,-0.0984437,0.318241,0.461233,0.0442994,-0.0189513,0.0542825
0.0413594,0.317429,2.01087,-0.146787,0.232587,0.457412,0.0183506,-0.034539,0.122904
0.0419028,0.31417,2.02036,-0.219143,0.111574,0.431461,0.00720277,-0.0445645,0.145531
0.0401616,0.309592,2.02947,-0.271721,-0.000670705,0.426661,0.0237088,-0.0521113,0.128051
0.0366195,0.304296,2.03873,-0.287312,-0.0626672,0.44493,0.0386791,-0.0542756,0.0858954
0.0320672,0.298846,2.04848,-0.288872,-0.0983843,0.467926,0.049697,-0.063355,0.0373236
0.0270934,0.293428,2.05856,-0.283441,-0.0957592,0.480351,0.0575945,-0.0795084,-0.00996649
0.0224856,0.288088,2.06869,-0.278491,-0.0829616,0.479612,0.0550879,-0.0895835,-0.0517532
0.0224856,0.288088,2.06869,-0.278491,-0.0829616,0.479612,0.0550879,-0.0895835,-0.0517532
0.0178614,0.282789,2.07853,-0.277561,-0.111271,0.454407,0.0584106,-0.105654,-0.0829936
0.012475,0.277157,2.08773,-0.304866,-0.173929,0.421914,0.059672,-0.116667,-0.119887
0.00618636,0.270831,2.09622,-0.332116,-0.222966,0.39664,0.0578973,-0.121354,-0.182298
-0.000428805,0.264327,2.10429,-0.305293,-0.21658,0.377328,0.0426656,-0.118852,-0.27019
-0.00612234,0.258831,2.11164,-0.244845,-0.155624,0.341584,0.0256023,-0.107117,-0.340198
-0.009818,0.254358,2.11827,-0.205733,-0.0528203,0.307565,0.00687753,-0.0917143,-0.355509
-0.0122515,0.250181,2.12425,-0.215757,-0.0735345,0.27725,0.000227422,-0.0866342,-0.324677
-0.0165144,0.245556,2.12947,-0.250614,-0.242188,0.233692,-0.0166201,-0.0910416,-0.305826
-0.0241776,0.240004,2.13329,-0.299091,-0.417252,0.13828,-0.0673684,-0.0752205,-0.326982
-0.0331169,0.233838,2.13439,-0.301668,-0.429125,-0.0196417,-0.106828,-0.0535804,-0.390481
-0.0392554,0.228862,2.13217,-0.187682,-0.196875,-0.162848,-0.107591,-0.0287616,-0.434815
-0.0389138,0.227641,2.12843,0.0664278,0.139448,-0.181368,-0.0859705,0.0314513,-0.41295
-0.0330193,0.232314,2.12567,0.379307,0.336567,-0.0983002,-0.0501641,0.0864768,-0.27953
-0.0262985,0.241985,2.12484,0.559954,0.296254,-0.0132631,-0.0356125,0.116263,-0.0860205
-0.0218362,0.253336,2.12525,0.55925,0.152939,0.0139162,-0.0609546,0.126398,0.0682691
-0.0210517,0.263448,2.12552,0.438995,-0.0756368,-0.015061,-0.0827949,0.119359,0.162061
-0.0244864,0.270491,2.12481,0.266994,-0.268961,-0.0725954,-0.108212,0.121804,0.185992
-0.0299822,0.274413,2.12271,0.13956,-0.316597,-0.138993,-0.131148,0.132035,0.148416
-0.0346954,0.277089,2.11912,0.143174,-0.240013,-0.214715,-0.135565,0.132047,0.0857428
-0.037028,0.280892,2.11409,0.222449,-0.141324,-0.27752,-0.122634,0.133994,0.0702572
-0.0376993,0.286111,2.10821,0.266659,-0.103951,-0.302065,-0.0912983,0.141385,0.123248
-0.0382418,0.291517,2.10208,0.245905,-0.130338,-0.309605,-0.0632492,0.138983,0.1895
-0.03931,0.29637,2.09567,0.223063,-0.15768,-0.324359,-0.0552326,0.130033,0.223013
-0.0407365,0.300969,2.08894,0.203763,-0.185933,-0.341233,-0.0476531,0.12567,0.237735
-0.0423048,0.305211,2.08184,0.198871,-0.176538,-0.35671,-0.0511387,0.119235,0.236591
-0.043328,0.309697,2.0744,0.220052,-0.155402,-0.37366,-0.04801,0.106802,0.229151
-0.0440103,0.31447,2.06674,0.217282,-0.156069,-0.374137,-0.0405588,0.0998248,0.230847
-0.0449949,0.318732,2.05926,0.178459,-0.175038,-0.360029,-0.0346782,0.0925675,0.231265
-0.046554,0.322356,2.05189,0.148771,-0.224374,-0.365955,-0.0351292,0.0815264,0.208115
-0.0490619,0.325169,2.04408,0.0944696,-0.268025,-0.390408,-0.0478422,0.0733597,0.175674
-0.0517315,0.327069,2.03567,0.0521235,-0.269716,-0.42003,-0.0501537,0.0624644,0.136517
-0.0537338,0.328285,2.02631,0.0245907,-0.224148,-0.474542,-0.0607934,0.0552689,0.0931492
-0.0542928,0.329098,2.01586,-0.0020809,-0.171757,-0.50981,-0.0462107,0.0544366,0.0657589
-0.0539296,0.329072,2.00527,-0.0576784,-0.134988,-0.48343,-0.0270069,0.0630937,0.0574242
-0.0530783,0.327895,1.99546,-0.100554,-0.101586,-0.442003,-0.020467,0.0545338,0.0463565
-0.0520154,0.326296,1.98629,-0.100461,-0.0917528,-0.423457,-0.0273503,0.0316729,0.0355697
-0.0511575,0.324692,1.97725,-0.110767,-0.114603,-0.423883,-0.0339798,0.018205,0.0439976
-0.0507686,0.322459,1.96835,-0.157355,-0.133853,-0.406131,-0.0241496,0.0046742,0.0588551
-0.0508207,0.319417,1.95985,-0.182351,-0.135137,-0.384382,-0.0211065,-0.00462055,0.0561792
-0.0508187,0.316205,1.95195,-0.173664,-0.100771,-0.355081,-0.0129245,-0.0210236,0.0431743
-0.0495967,0.313043,1.94434,-0.183009,-0.0256174,-0.348795,-0.0231148,-0.0335216,0.0450339
-0.0480274,0.309851,1.93702,-0.171277,-0.0626251,-0.334439,-0.0204088,-0.0501856,0.0668203
-0.0479089,0.306852,1.92987,-0.164423,-0.133165,-0.335805,-0.0222479,-0.0614659,0.0808116
-0.0485177,0.303606,1.92263,-0.194197,-0.133233,-0.342242,-0.0196373,-0.0686055,0.0847334
-0.0481638,0.299722,1.91494,-0.232552,-0.058242,-0.379367,-0.0267093,-0.0783106,0.0812789
-0.0461213,0.295033,1.90636,-0.276232,0.0076935,-0.416989,-0.0252077,-0.083145,0.0842998
-0.0431737,0.289779,1.89742,-0.282875,0.0177707,-0.411721,-0.00528523,-0.0895193,0.0873275
-0.0406372,0.284534,1.88879,-0.273158,0.00265028,-0.390103,0.00482824,-0.0837768,0.0916144
-0.038307,0.279588,1.88088,-0.25687,-0.00182519,-0.354143,0.0168216,-0.0917462,0.0934596
-0.0363806,0.274555,1.87378,-0.281792,0.0130637,-0.313076,0.0203314,-0.0925286,0.105235
-0.0340394,0.268606,1.8674,-0.337709,0.0457499,-0.283391,0.011023,-0.10064,0.106299
-0.0311678,0.261867,1.86147,-0.357233,0.0893329,-0.268863,-0.000813819,-0.110745,0.0959477
-0.0274519,0.255016,1.85586,-0.348698,0.13653,-0.248303,-0.00717635,-0.114546,0.0907384
-0.0235044,0.248221,1.8511,-0.352911,0.130819,-0.19603,0.00216743,-0.115709,0.109586
-0.0235044,0.248221,1.8511,-0.352911,0.130819,-0.19603,0.00216743,-0.115709,0.109586
-0.0202393,0.240984,1.84743,-0.377464,0.110527,-0.150133,0.000839092,-0.120579,0.119296
-0.01738,0.233395,1.84449,-0.386192,0.117187,-0.128052,-0.00463738,-0.134548,0.102806
-0.014082,0.225655,1.84193,-0.395097,0.150602,-0.104607,0.00421844,-0.144556,0.0828122
-0.0106106,0.217841,1.84028,-0.388668,0.154605,-0.0418964,0.0249929,-0.15134,0.0583731
-0.00786827,0.210337,1.84029,-0.363824,0.113579,0.0534708,0.042195,-0.150662,0.0221351
-0.00611977,0.203605,1.84219,-0.314097,0.112469,0.123331,0.0335355,-0.156731,-0.0395495
-0.00437256,0.197575,1.84476,-0.29608,0.106255,0.137105,0.0146483,-0.165692,-0.0917448
-0.00324603,0.191514,1.84783,-0.314976,0.0752304,0.168646,0.0249306,-0.169319,-0.13871
-0.00179935,0.185186,1.85147,-0.313254,0.146124,0.188256,0.0172564,-0.162535,-0.218455
0.00104598,0.179289,1.85534,-0.275356,0.219271,0.196705,0.019494,-0.15921,-0.291512
0.00535837,0.174406,1.85967,-0.217602,0.287427,0.232152,0.0315272,-0.148925,-0.344973
0.0105201,0.170526,1.86461,-0.192249,0.306325,0.249523,0.0253384,-0.120644,-0.365419
0.0158871,0.166084,1.86937,-0.2719,0.314022,0.212648,-0.000637781,-0.0886462,-0.374313
0.0218339,0.15994,1.87317,-0.341934,0.349227,0.151118,0.000876974,-0.0821506,-0.403684
0.028889,0.15344,1.87597,-0.307584,0.40862,0.121239,0.0202826,-0.0521477,-0.439087
0.0370733,0.148455,1.87898,-0.194143,0.449128,0.17087,0.0375464,0.0113444,-0.433706
0.0454274,0.146389,1.8835,-0.0241579,0.447572,0.269392,0.0476796,0.0690535,-0.391035
0.0529102,0.148432,1.88987,0.216756,0.403927,0.379227,0.0569337,0.110061,-0.326345
0.0598235,0.156317,1.8982,0.519579,0.425511,0.489212,0.0709767,0.145488,-0.241651
0.0671992,0.169231,1.90808,0.668954,0.479899,0.561953,0.0774264,0.18411,-0.095978
0.0745185,0.182558,1.91895,0.559849,0.40851,0.599942,0.0811151,0.195233,0.0619217
0.0780517,0.192333,1.93037,0.328095,0.143118,0.583389,0.0600926,0.183047,0.131405
0.0763766,0.198087,1.94094,0.19512,-0.0741241,0.48966,0.0340003,0.158113,0.068529
0.0726155,0.202942,1.94933,0.24691,-0.0980968,0.365528,0.0218175,0.15924,-0.0432146
0.0709818,0.209513,1.95555,0.371386,0.0703031,0.297382,0.028285,0.180426,-0.0951467
0.0733633,0.218561,1.96077,0.492649,0.2715,0.288728,0.0449777,0.200483,-0.0688654
0.078184,0.229555,1.96631,0.556264,0.295317,0.347526,0.0755559,0.210942,0.0285019
0.0810069,0.241651,1.97341,0.588072,0.162645,0.438806,0.0928654,0.20917,0.131594
0.0814225,0.25367,1.98216,0.525149,0.0903865,0.49938,0.0846462,0.204587,0.201943
0.080183,0.263645,1.99182,0.392675,0.0403314,0.50576,0.0632956,0.185207,0.244922
0.0781292,0.271022,2.00121,0.28116,0.00177729,0.446381,0.0382637,0.155564,0.246447
0.0760343,0.276445,2.00895,0.209159,0.00101432,0.338752,0.0159582,0.138691,0.229577
0.0744003,0.280401,2.01478,0.14486,-0.00693109,0.258082,0.0215585,0.133034,0.222935
0.072742,0.282857,2.01963,0.0667131,-0.0253072,0.228314,0.036976,0.135927,0.215734
0.0709834,0.283794,2.02423,-0.000954091,-0.0266189,0.218512,0.0529001,0.133348,0.199343
0.0691498,0.2835,2.02895,-0.0615133,-0.02819,0.231979,0.0623866,0.13041,0.178064
0.0671779,0.282362,2.03401,-0.0800375,-0.0322729,0.242626,0.0633538,0.123626,0.145673
0.0647366,0.28097,2.0393,-0.0924055,-0.0679346,0.253365,0.0679724,0.115651,0.110844
0.0617209,0.279465,2.04485,-0.0846948,-0.0746444,0.271831,0.0652537,0.107842,0.0694041
0.0589627,0.278459,2.05059,-0.0472071,-0.0377778,0.272942,0.0680211,0.102908,0.0229501
0.0567751,0.277966,2.05648,-0.0425468,-0.0176518,0.29698,0.0881185,0.105913,0.0146009
0.0545381,0.277218,2.06323,-0.0675667,-0.0215499,0.355301,0.0967554,0.110077,0.0141929
0.0523105,0.276428,2.07125,-0.0427202,0.0211239,0.414525,0.0933599,0.102388,-0.0057711
0.0506069,0.276701,2.08015,0.02817,0.0415387,0.435597,0.0728294,0.0844785,-0.0090726
0.048605,0.278025,2.08897,0.0486002,-0.00989776,0.415919,0.0581231,0.0617345,0.0228416
0.0454525,0.279079,2.09712,0.0185962,-0.07938,0.373766,0.0480418,0.0428044,0.0443164
0.0415514,0.279862,2.10453,0.0416962,-0.0946954,0.348623,0.0443664,0.0314724,0.0116708
0.0383715,0.281897,2.11161,0.140665,-0.020277,0.339185,0.0452597,0.0261027,-0.028474
0.037307,0.285786,2.11844,0.200829,0.0960456,0.33112,0.0441401,0.0203761,-0.0131205
0.0380293,0.288664,2.1246,0.010755,0.141323,0.254482,0.0482851,-0.00870913,0.0623479
0.0392417,0.285154,2.12852,-0.369735,0.0781221,0.102253,0.000499647,-0.0212003,0.0860006
0.0395563,0.276401,2.12936,-0.437251,-0.0122798,-0.0515892,-0.0376634,-0.0368893,-0.0533265
0.0404995,0.270709,2.12778,-0.0813869,0.114817,-0.0931754,-0.00130937,-0.0312918,-0.208321
0.045962,0.273258,2.12693,0.306813,0.405904,0.0474431,0.0502109,0.0143308,-0.198612
0.045962,0.273258,2.12693,0.306813,0.405904,0.0474431,0.0502109,0.0143308,-0.198612
0.0548583,0.280748,2.12959,0.378708,0.508333,0.235297,0.04926,0.0440265,-0.019143
0.062501,0.287389,2.13495,0.224776,0.380602,0.2802,0.0116652,0.00232115,0.127281
0.0673313,0.289348,2.13933,-0.0554693,0.223276,0.140962,-0.0336455,-0.0476198,0.173437
0.0694175,0.28643,2.14095,-0.202374,0.0262064,0.00409864,-0.0655287,-0.0556054,0.116784
0.0684477,0.283037,2.14093,-0.109813,-0.0943493,-0.00652623,-0.0184622,-0.0299923,0.00819528
0.0668316,0.282172,2.14197,0.012162,-0.0135029,0.116716,0.0223308,0.0145262,-0.0518229
0.0670004,0.283624,2.14613,0.099356,0.136659,0.284099,0.026255,0.0356349,-0.0564039
0.067891,0.286484,2.15288,0.138935,0.119099,0.359152,-0.000712283,0.0154608,-0.0221229
0.0670682,0.289681,2.15989,0.126606,-0.0104815,0.316041,-0.0374769,-0.0192086,0.0143012
0.0642337,0.291854,2.16517,0.0542423,-0.10108,0.202169,-0.067838,-0.030692,0.0109891
0.0614723,0.292617,2.16845,0.0182569,-0.0624558,0.133878,-0.0567164,-0.0155113,-0.0309191
0.0605762,0.293425,2.17141,0.0621908,0.0501004,0.173924,-0.0346819,0.022295,-0.0711081
0.0608824,0.295712,2.17594,0.141759,0.104543,0.27787,-0.0302496,0.0490505,-0.070507
0.0606975,0.299753,2.18223,0.2127,0.0586892,0.328712,-0.0533929,0.0420797,-0.0423826
0.0592058,0.304381,2.18854,0.200637,-0.00958235,0.287033,-0.0857785,0.0214432,-0.00215244
0.0573685,0.307907,2.19335,0.115922,-0.0235799,0.19033,-0.106597,0.00733376,0.0255601
0.0561502,0.309484,2.19635,0.0273034,-0.00954442,0.113636,-0.10303,0.00520462,0.0328838
0.0552569,0.309412,2.19834,-0.0171781,-0.012621,0.0818062,-0.0914091,0.0095157,0.025705
0.0540525,0.309157,2.20001,-0.00423298,-0.0425813,0.0695053,-0.0818297,0.0125072,0.0138061
0.0522218,0.309339,2.20132,0.0121755,-0.0694678,0.0474519,-0.0743176,0.0106362,0.014469
0.0501152,0.309467,2.20216,-0.0111098,-0.0618245,0.0197117,-0.0604098,0.00654697,0.0253205
0.0485819,0.308947,2.20267,-0.0445549,-0.0437372,0.016393,-0.0427845,0.00888994,0.0366437
0.0471508,0.307694,2.20313,-0.0777928,-0.0636461,0.0191901,-0.0304695,0.0144249,0.0437874
0.0452286,0.306002,2.20379,-0.0906774,-0.0929521,0.0284233,-0.0226812,0.00695255,0.0351357
0.0426248,0.304244,2.20461,-0.0895657,-0.123337,0.0342532,-0.0202538,0.00544393,0.0200558
0.0407903,0.302388,2.20531,-0.114466,0.0073604,0.00955827,-0.0140263,0.00133762,-0.00379229
0.0427433,0.299083,2.20531,-0.213828,0.173151,-0.0141701,-0.0209664,0.0106935,-0.000862718
0.0460895,0.29467,2.20535,-0.211996,0.13993,-0.000690662,-0.0125626,0.00403216,-0.00720716
0.0463725,0.291716,2.20604,-0.0785547,-0.0923402,0.0562813,-0.00118446,0.00616339,-0.0196726
0.0421191,0.292052,2.20776,0.0875353,-0.23902,0.101695,0.00346917,0.00668323,-0.0400814
0.0371594,0.294383,2.2098,0.110101,-0.153525,0.0975619,0.00674481,0.00892949,-0.0240868
0.0351543,0.295611,2.2116,0.00476739,0.000422999,0.073933,0.00409732,0.0114321,0.0129334
0.0354301,0.294655,2.21286,-0.0746635,0.0372355,0.0470801,-0.00194408,0.00726742,0.0321534
0.0353498,0.293227,2.21387,-0.03844,-0.0265618,0.047099,0.000895239,-0.00537521,0.0181194
0.0338949,0.292976,2.21468,0.0109475,-0.097291,0.0305993,-0.00316273,-0.00250289,0.0126097
0.0316373,0.2929,2.2149,-0.021317,-0.118111,-0.00662398,-0.00179654,-0.00712249,0.020469
0.0297108,0.291772,2.21424,-0.089712,-0.0899489,-0.0608988,0.00173111,-0.00887468,0.010139
0.0289276,0.28981,2.21273,-0.10326,-0.0315633,-0.0860964,0.00592826,-0.00931975,-0.0245245
0.0294718,0.288368,2.21093,-0.0411443,0.021182,-0.0878448,0.0119714,-0.00525478,-0.0533799
0.0307692,0.288259,2.20935,0.0226662,0.0454032,-0.0627607,0.0178378,0.00103489,-0.0496939
0.0318722,0.289005,2.208,0.0450642,0.0321197,-0.0628555,0.0184966,-0.00162253,-0.0226412
0.0328938,0.289548,2.20646,0.0126879,0.0338131,-0.0899502,0.00321023,0.000729322,0.000457048
0.0343335,0.289504,2.2043,0.000421308,0.044474,-0.11994,-0.00704976,0.000121802,0.00448233
0.0362045,0.289345,2.20153,0.00587395,0.0542314,-0.139468,-0.00032907,0.00138932,0.00997257
0.0380346,0.289205,2.1987,-0.00879853,0.039485,-0.126924,0.0063242,0.0124091,0.0261219
0.0391506,0.288707,2.19624,-0.0354994,-0.00358479,-0.111314,0.00955276,0.0147091,0.0339585
0.0390853,0.287731,2.19408,-0.0575424,-0.0532104,-0.105026,0.0102453,0.0129489,0.0268835
0.0386554,0.286486,2.19201,-0.0587927,-0.033549,-0.100739,0.00356361,0.0112209,-0.00434917
0.0390389,0.285603,2.18996,-0.0194238,0.010642,-0.0993839,-0.00178815,0.013181,-0.0270025
0.0402742,0.285558,2.18793,0.018676,0.0399206,-0.088241,7.8775e-05,0.0153045,-0.0219099
0.0413864,0.285919,2.18635,0.0213106,0.0122296,-0.0592515,0.00455565,0.0173909,0.00591409
0.0415814,0.286122,2.18526,0.0117619,-0.0213837,-0.0444494,0.00096846,0.0161355,0.0234884
0.0412669,0.28613,2.18433,0.0051404,-0.0359418,-0.0485289,-0.00727494,0.011246,0.030548
0.0408016,0.285901,2.18317,-0.0100878,-0.0381742,-0.066447,-0.0122027,0.010019,0.0348271
0.0408016,0.285901,2.18317,-0.0100878,-0.0381742,-0.066447,-0.0122027,0.010019,0.0348271
0.0404248,0.285018,2.1816,-0.0659646,-0.0491151,-0.0842188,-0.00759433,0.00883546,0.0433607
0.0400337,0.283216,2.18,-0.0866808,-0.0365945,-0.0736,-0.0036079,0.00547376,0.0279806
0.0397789,0.281757,2.17846,-0.0538033,-0.0388527,-0.0825346,-0.0104139,0.00335523,0.00740063
0.0391317,0.280632,2.17667,-0.0607617,-0.0715964,-0.0905156,-0.00652435,0.00250313,0.0189067
0.0380863,0.279067,2.17488,-0.0893152,-0.0734381,-0.0915177,0.00729564,-0.00551671,0.0155322
0.0373657,0.277038,2.17295,-0.105292,-0.0464123,-0.0989684,0.00387767,-0.00217295,0.00137484
0.0373956,0.275125,2.17122,-0.0774908,0.00188159,-0.0815885,0.0128779,-0.0103912,-0.0189183
0.0378635,0.273874,2.16966,-0.0572041,9.30666e-05,-0.0779204,0.0103551,-0.0117938,-0.0164906
0.0380217,0.272667,2.16811,-0.0769108,-0.0314119,-0.0759133,0.0150582,-0.0201887,-0.00431478
0.0377619,0.271045,2.16649,-0.0835261,-0.0350294,-0.0855581,0.0143304,-0.0221477,-0.0173894
0.0378622,0.269599,2.16467,-0.0650196,-0.0128015,-0.086133,0.0134258,-0.0140047,-0.0329525
0.0383893,0.268628,2.16318,-0.036222,0.0175569,-0.0583742,0.0237877,-0.0107757,-0.0328969
0.0391119,0.268159,2.16234,-0.0184573,0.0208554,-0.0243568,0.0277101,-0.00500208,-0.0208063
0.0394361,0.267873,2.16214,-0.0208629,-0.00278632,0.00120001,0.027059,-0.00547615,-0.00563669
0.0391927,0.267314,2.16218,-0.0358962,-0.0226301,-0.000920474,0.011617,-0.00897512,-0.00583082
0.038762,0.266826,2.16217,-0.00857084,-0.0236346,-0.00279836,0.00589304,-0.0138709,-0.0273839
0.0386693,0.267144,2.16203,0.0368946,0.00707721,-0.000118064,0.00453603,-0.00709456,-0.0397781
0.0390879,0.268177,2.16228,0.0602678,0.0310671,0.0295495,0.00534871,0.00137836,-0.0274783
0.0395765,0.269455,2.16297,0.0622801,0.0250758,0.0361095,-0.00228026,0.000413477,-0.00754184
0.0395498,0.270691,2.1635,0.0563562,-0.0162741,0.0126203,-0.0205062,-0.00550631,0.0075717
0.0389699,0.271618,2.1632,0.0392267,-0.0453794,-0.0384703,-0.0324047,-0.00836679,0.00525504
0.0384449,0.272063,2.16187,0.0186072,-0.0367716,-0.0815349,-0.0287819,-0.00140694,-0.00396967
0.0386176,0.272396,2.16003,0.0255405,0.000619501,-0.0921443,-0.0184772,0.0106476,-0.0146703
0.0389712,0.273089,2.15836,0.0544533,-0.020905,-0.0612994,-0.00826634,0.0226525,-0.0127797
0.038301,0.27495,2.15752,0.120412,-0.0374484,-0.0287881,0.00368933,0.0210253,-0.00712371
0.0374052,0.27724,2.15689,0.0907545,-0.0305123,-0.0308601,-0.000827439,0.028692,0.0264035
0.0370824,0.278011,2.15627,0.00215977,-0.00813165,-0.038668,-0.00508694,0.0207207,0.049321
0.0367901,0.277231,2.15515,-0.0401302,-0.0479517,-0.0730832,-0.00780467,0.0132108,0.0378873
0.0360191,0.276514,2.15359,0.000109892,-0.071385,-0.0717013,0.00333586,0.00595951,0.00521231
0.0350308,0.276925,2.15222,0.0540488,-0.0590973,-0.0555693,0.0063804,0.018806,-0.00916362
0.0343329,0.27805,2.15122,0.0563652,-0.0369039,-0.0399607,0.0157136,0.020605,0.00597835
0.0341342,0.27882,2.15036,0.0191999,-0.00848936,-0.0496119,0.0156982,0.014433,0.0256861
0.034311,0.27882,2.14914,-0.0134497,-0.0108303,-0.0707087,0.012263,0.0111532,0.0355525
0.0342722,0.278196,2.14756,-0.0373246,-0.0379915,-0.0799321,0.0204578,0.00824872,0.034291
0.0338477,0.277158,2.146,-0.0577577,-0.0488476,-0.0721135,0.0302403,0.0112793,0.0265936
0.0332628,0.275888,2.1447,-0.0608416,-0.0513565,-0.0563944,0.0352771,0.011049,0.00935042
0.0327485,0.274686,2.14373,-0.0557439,-0.0317755,-0.0390897,0.0382024,0.00879353,-0.010372
0.0327304,0.273653,2.14312,-0.0466699,0.00376033,-0.0220091,0.0334804,0.00627306,-0.0241147
0.0334193,0.272876,2.14282,-0.0308352,0.0313248,-0.00555786,0.0276531,0.00538796,-0.0300307
0.034379,0.272486,2.14285,-0.00810856,0.0446992,0.0113227,0.0222702,0.00253993,-0.0240059
0.0352741,0.27238,2.14318,-0.0050495,0.0302753,0.0215282,0.014419,0.00246835,-0.00853503
0.0357578,0.272072,2.14357,-0.0213742,0.00724732,0.021117,0.00667214,-0.00184137,0.00123578
0.0359844,0.271472,2.14391,-0.0279031,0.00797273,0.0146756,0.000512496,-0.00737807,-0.0040586
0.0364373,0.270953,2.14409,-0.0156991,0.0276968,0.00968347,-0.00505552,-0.00577238,-0.0118089
0.0369854,0.270754,2.14439,-0.00165203,0.0212093,0.0192729,-0.00351007,-0.00384346,-0.0080061
0.0370419,0.270937,2.14502,0.0169303,-0.0026977,0.037207,-0.00568361,-0.00162232,-0.00163317
0.0366202,0.271509,2.14583,0.0330755,-0.0118239,0.041575,-0.0127335,-0.00271881,0.00196695
0.03616,0.272193,2.14661,0.0235712,-0.0164878,0.0323677,-0.0147863,-0.00544804,0.0143882
0.0353922,0.272193,2.14705,-0.0264365,-0.0451881,0.00667722,-0.0195861,-0.00473005,0.0286356
0.0341819,0.271322,2.14694,-0.0519614,-0.0755028,-0.0235371,-0.0192378,-0.0117187,0.0147498
0.0328155,0.270444,2.14631,-0.0297205,-0.0628774,-0.0372777,-0.0114906,-0.00926912,-0.0143597
0.0321211,0.270387,2.14566,0.0168675,-0.0168301,-0.0229509,-0.00256732,-0.00111452,-0.032023
0.0319846,0.271061,2.14535,0.0353352,-0.0012985,-0.0108303,0.0014762,0.00418884,-0.0168791
0.0318545,0.271853,2.14516,0.0327676,-0.0108967,-0.0148046,0.00156249,-0.00325751,0.000689149
0.0318545,0.271853,2.14516,0.0327676,-0.0108967,-0.0148046,0.00156249,-0.00325751,0.000689149
0.0314898,0.272513,2.14467,0.0272259,-0.029388,-0.0345819,-0.00114788,-0.00265202,0.0135386
0.0310374,0.27279,2.14378,0.00901328,-0.0359273,-0.0443067,0.00124304,0.00202438,0.0215649
0.0306138,0.27271,2.14285,-0.0040852,-0.0333166,-0.044849,0.00787576,0.00197744,0.0205157
0.0302762,0.272456,2.14186,-0.0216267,-0.0295934,-0.049344,0.00975505,0.00155008,0.0199988
0.0299482,0.271841,2.14072,-0.0424332,-0.0291872,-0.0635824,0.00644956,-0.00157556,0.0141617
0.0298537,0.27089,2.13926,-0.0490915,-0.0184447,-0.0782393,0.00665493,-0.00525358,-0.00160253
0.0301407,0.270092,2.13753,-0.0295626,-0.00290884,-0.0840748,0.0150544,-0.00240582,-0.0127351
0.030734,0.269524,2.13606,-0.0261809,0.0171962,-0.0532074,0.0239234,0.00562191,-0.0130283
0.0315251,0.269065,2.13531,-0.0225958,0.0345624,-0.0253334,0.0242408,0.00595781,-0.0115873
0.0323834,0.268658,2.13483,-0.0253958,0.0313284,-0.022085,0.0133394,-0.00189641,-0.00735521
0.0331237,0.268162,2.13423,-0.0230533,0.0245954,-0.0324936,0.00963104,-0.00806585,-0.00802541
0.0339825,0.267867,2.1336,-0.000803521,0.0297978,-0.0210333,0.013058,-0.00447464,-0.00943995
0.0348959,0.267893,2.13343,0.00983057,0.0388366,0.00836181,0.012712,0.00220317,-0.000672817
0.0355884,0.268058,2.1338,0.00693415,0.0271681,0.0264018,0.00942163,-0.00189447,0.0105209
0.0358078,0.268271,2.13441,0.0111291,0.0110948,0.0290942,0.000194248,-0.0090293,0.0115557
0.0360512,0.268639,2.13497,0.0235128,0.0236262,0.0253807,-0.00740676,-0.0120002,0.00623107
0.0363984,0.269028,2.13537,0.0127449,0.00763012,0.0181563,-0.0103926,-0.0112139,0.0173922
0.0362081,0.268964,2.13552,-0.0194892,-0.0329074,-0.00185275,-0.0146044,-0.0160813,0.0232139
0.0353666,0.268516,2.1352,-0.0279515,-0.0543752,-0.0304661,-0.0159799,-0.0231973,0.00209129
0.0347728,0.268232,2.13435,-0.00378149,-0.0221348,-0.0572638,-0.0122975,-0.0291167,-0.0293686
0.0352109,0.268358,2.13286,0.0123629,0.0395178,-0.0870087,-0.0180743,-0.0299105,-0.0431803
0.0374436,0.26879,2.1306,0.0242484,0.0925417,-0.127269,-0.0230443,-0.0250083,-0.032707
0.0399564,0.269264,2.12749,0.0246432,0.094922,-0.185767,-0.0160606,-0.0320886,-0.015425
0.0428433,0.26934,2.12276,-0.0135782,0.0667096,-0.255983,-0.0218309,-0.0348688,0.0173376
0.0444831,0.268643,2.11744,-0.0264311,-0.0341811,-0.275407,0.00862502,-0.0261718,0.021833
0.0451651,0.268223,2.11109,-0.0135094,-0.0607579,-0.335358,0.0134869,-0.0317803,0.00528276
0.0446284,0.266928,2.10372,-0.106804,-0.175324,-0.391744,0.0316735,-0.0433595,0.0377678
0.041971,0.263966,2.09526,-0.153183,-0.302404,-0.428019,0.0296242,-0.0299822,0.0434311
0.0364864,0.260571,2.08676,-0.141245,-0.482129,-0.386861,0.0302744,0.00764722,0.0377436
0.0278356,0.257948,2.07967,-0.115377,-0.53319,-0.323481,0.043554,0.0135653,0.0191838
0.0196029,0.25478,2.07284,-0.192892,-0.458951,-0.343309,0.0161265,-0.00417823,0.0356635
0.0139311,0.250072,2.06595,-0.265145,-0.304028,-0.332957,0.0164099,0.00788042,0.0271959
0.00957028,0.244198,2.05977,-0.302637,-0.253648,-0.256803,0.0197971,0.0343048,0.00559586
0.0068819,0.23843,2.05569,-0.267823,-0.131931,-0.160131,0.0313684,0.020296,-0.0313495
0.00588047,0.233859,2.05274,-0.174825,-0.0270823,-0.128578,0.0276812,0.00013493,-0.0576939
0.00666422,0.231716,2.05028,-0.0389197,0.0655923,-0.121484,0.0158682,0.00165148,-0.0796654
0.0105533,0.232006,2.0475,0.0650831,0.285735,-0.150119,-0.0129863,0.00107907,-0.0808632
0.0194105,0.234077,2.04446,0.136452,0.488713,-0.12854,-0.0270586,0.0280266,-0.0453835
0.0285078,0.236589,2.04285,0.105803,0.339631,0.000196708,-0.00135791,0.0521527,0.0371014
0.0332637,0.238527,2.04427,0.0649276,0.041349,0.125055,0.0392021,0.0148968,0.0869791
0.0294507,0.239753,2.04712,0.0661525,-0.26453,0.146437,0.0375733,-0.0168246,0.0489783
0.0247529,0.241686,2.0496,0.112032,-0.130943,0.0871012,-0.00306533,-0.0129945,-0.00282663
0.0228713,0.243469,2.05065,0.0630326,-0.0224022,0.0356428,-0.025689,0.00613098,-0.00516433
0.0228555,0.244031,2.05149,-0.00820674,0.0116949,0.0493001,-0.00404887,0.00740881,0.00786877
0.0226094,0.243525,2.05281,-0.0370297,-0.00969571,0.081604,0.0039233,0.00713114,0.00676042
0.022162,0.243228,2.05467,0.0110277,0.0222579,0.0958944,-0.00455531,-0.00240357,-0.0186711
0.0227166,0.244251,2.05629,0.0865776,0.0793683,0.0536404,-0.0255651,-0.00838391,-0.0235077
0.0242772,0.24633,2.05666,0.105271,0.074688,-0.00998997,-0.0354438,-0.00497915,0.00204474
0.0257134,0.248011,2.05617,0.0652864,0.0551988,-0.031605,-0.0174622,0.00217485,0.0278743
0.0268271,0.248684,2.05553,0.0116458,0.0452294,-0.0305735,-0.0028968,0.00955665,0.0318766
0.0277213,0.248491,2.0552,-0.0193696,0.0476536,-0.00576001,0.00592487,0.0116426,0.0220892
0.0280314,0.248152,2.05545,-0.0143505,0.0150186,0.0190935,0.0118476,0.0120158,0.00714952
0.0279347,0.247998,2.05603,-0.00396567,0.0110095,0.0317103,0.0063861,0.00767045,-0.0040406
0.0279347,0.247998,2.05603,-0.00396567,0.0110095,0.0317103,0.0063861,0.00767045,-0.0040406
0.0282301,0.248188,2.05671,0.0218636,0.0423397,0.0308928,-0.00171134,0.00619146,-0.0133116
0.0292167,0.248741,2.05716,0.0298896,0.0581258,0.0183622,0.00144122,0.00475904,-0.0100723
0.0304352,0.249085,2.05736,0.00771602,0.062424,0.00414661,0.00149933,0.00249904,0.00102288
0.0316486,0.248936,2.05743,-0.0106992,0.055078,0.004579,0.000887383,0.00415488,0.00381553
0.0325902,0.248984,2.05771,0.0331305,0.0602386,0.0243907,-0.000543129,0.00594041,-0.0124303
0.0337033,0.250551,2.05834,0.126349,0.055101,0.0432123,-0.00302739,0.01251,-0.0179498
0.0341613,0.253433,2.05926,0.151086,0.0295845,0.0519439,0.00192484,0.00919783,0.00388467
0.0347411,0.256072,2.06018,0.106493,0.0601581,0.0510805,0.00379786,0.0116597,0.0179713
0.0362781,0.257463,2.06114,0.0394508,0.125424,0.0376137,-0.0017188,6.57439e-05,0.0178249
0.0390999,0.257633,2.06141,0.00936013,0.169967,-0.0134325,-0.0194434,-0.000533015,0.00158083
0.0447325,0.258784,2.06042,0.0856181,0.202159,-0.0741314,-0.00949125,0.00857508,0.0123048
0.0446486,0.25941,2.05939,0.00262633,-0.117851,-0.00347698,0.0329858,0.0144751,0.0360434
0.0426322,0.259708,2.06025,0.0454124,-0.0382718,0.068065,0.00499837,0.0149465,-0.045018
0.0430965,0.261815,2.06163,0.147292,0.11857,0.0595608,-0.00918998,0.00302079,-0.0863515
0.0464127,0.264987,2.06242,0.154302,0.217807,0.0189052,-0.0121838,-0.00720769,-0.0319455
0.0495613,0.267001,2.06229,0.0302541,0.0496964,0.00303219,-0.00683094,0.0199587,0.06261
0.0483387,0.266052,2.06308,-0.116513,-0.113179,0.0695556,0.0249592,0.0129552,0.0885521
0.0454208,0.263451,2.06506,-0.129549,-0.122744,0.0908766,-0.00303652,0.00429472,0.0456935
0.0429489,0.261547,2.06644,-0.0644264,-0.0771372,0.0260738,-0.0332814,-0.0109711,0.00655842
0.041589,0.260799,2.06633,-0.0144301,-0.073315,-0.0403347,-0.0305579,-0.0145469,-0.000135899
0.0403463,0.260631,2.06504,-0.00348222,-0.0801276,-0.0809189,-0.0119345,-0.00822493,-0.00410211
0.0393424,0.260235,2.06342,-0.0365308,-0.0607464,-0.0652268,0.00387757,0.0121598,-0.0108586
0.0385961,0.259408,2.06261,-0.0403475,-0.0215159,-0.0181115,0.0205049,0.0146409,-0.0287914
0.0388996,0.258924,2.06251,-0.00403862,0.04676,0.00307192,0.0150037,0.0105264,-0.0403976
0.0398138,0.259284,2.06275,0.0353232,0.0435407,0.0220564,0.0102029,0.00629663,-0.0330171
0.0404239,0.260392,2.06335,0.0768865,0.040708,0.0365327,0.0120665,-0.0025807,-0.0198976
0.0411451,0.262017,2.06396,0.0837841,0.0359746,0.032543,0.000721574,-0.00143844,-0.000646174
0.0414094,0.263249,2.06457,0.0357003,0.00343921,0.0328291,0.00156311,-0.00467405,0.0165409
0.0413676,0.263368,2.0649,-0.00953819,0.00410904,-0.00640234,-0.0010045,-0.020031,0.0158401
0.0418621,0.262846,2.06416,-0.0290593,0.0152192,-0.0572893,-0.0140757,-0.0118373,0.0033673
0.0426922,0.262332,2.06313,-0.00767955,0.0371439,-0.0406086,-0.00417069,-0.00661162,-0.00748909
0.0433453,0.262562,2.06237,0.0257527,0.00823117,-0.0318079,0.0031821,0.00126976,-0.00191462
0.0433339,0.263211,2.06171,0.0230372,-0.0217153,-0.0309742,0.00440588,-0.00181103,0.00394446
0.0427423,0.263653,2.06098,0.0145381,-0.0442113,-0.0415653,0.00319621,-0.00202525,-0.000570953
0.042071,0.263847,2.06012,0.00931562,-0.032479,-0.0374871,0.00914069,0.00130567,-0.00849813
0.0421724,0.264106,2.0595,0.0255145,0.0296766,-0.0233855,0.0122195,0.000869095,-0.0184423
0.0432151,0.264692,2.05901,0.0343969,0.0460784,-0.0187882,0.000142645,0.00791976,-0.00736195
0.0439194,0.265589,2.05875,0.058773,0.00889805,-0.00068831,0.00722528,0.00211722,0.00332946
0.0438983,0.266878,2.05864,0.0703446,-0.011482,-0.00649925,0.00594828,0.00162116,0.0103158
0.0439002,0.267893,2.05831,0.0352461,-0.00395637,-0.0166039,0.00208242,0.00389698,0.0245436
0.0438953,0.267916,2.05792,-0.0203654,-0.0173543,-0.0193425,0.00260628,0.00880206,0.0313279
0.0434717,0.267123,2.0574,-0.0445342,-0.0356572,-0.0333611,0.00854414,0.00326115,0.0196228
0.0429768,0.266186,2.05661,-0.044229,-0.0383624,-0.0436478,0.00809493,0.00463051,0.00429577
0.0424139,0.265476,2.05595,-0.0262112,-0.0400154,-0.0200515,0.0196617,0.00927085,-0.00300211
0.0416839,0.26513,2.05595,-0.009182,-0.0304198,0.0185799,0.0240849,0.014873,-0.00765795
0.0412403,0.265172,2.05665,0.00951077,-0.00301148,0.0423595,0.0145796,0.0112509,-0.0107791
0.0411204,0.26551,2.05748,0.0176605,0.00367084,0.03953,0.00650486,0.00242245,-0.00370669
0.0409225,0.265766,2.05817,0.00524538,-0.0147641,0.0352061,0.00280743,-0.000504255,0.00833422
0.0404792,0.265611,2.05884,-0.0102392,-0.0220018,0.0322877,0.00189044,-0.00419417,0.0098114
0.0401653,0.265342,2.05941,-0.00930738,-0.00459529,0.0225078,-0.00295196,-0.00492641,0.00578946
0.0400302,0.265146,2.05984,-0.00860145,-0.00899784,0.0185642,-0.00489901,-0.0056504,0.00924891
0.0396631,0.264943,2.06017,-0.010432,-0.0211863,0.0145441,-0.000457715,-0.00854668,0.00904143
0.0391309,0.264782,2.06039,-0.0114179,-0.0211154,0.00898262,-0.00511889,-0.00561982,0.00817293
0.0388275,0.264577,2.06059,-0.0130498,-0.00839032,0.00551808,-0.00275313,-0.00947985,0.0074293
0.0388275,0.264577,2.06059,-0.0130498,-0.00839032,0.00551808,-0.00275313,-0.00947985,0.0074293
0.038679,0.264146,2.0606,-0.035839,-0.00251661,-0.00654344,-0.000325479,-0.0117727,0.0116214
0.0384865,0.263272,2.06038,-0.0605169,-0.0277189,-0.0164161,0.000248142,-0.0102206,0.0134125
0.0376068,0.262186,2.06021,-0.0496352,-0.0549427,-0.00351685,0.0111571,-0.0157101,-0.00334775
0.0367398,0.261708,2.0602,-0.0113783,-0.0188307,3.68534e-05,0.013439,-0.0153173,-0.0216866
0.0369022,0.261811,2.06035,0.00485924,0.0312009,0.0176688,0.0070729,-0.00700817,-0.016821
0.0373248,0.262049,2.06095,0.00908533,0.017162,0.0402006,0.0167685,-0.0115088,-0.000463963
0.0371697,0.262417,2.06173,0.0184537,-0.0134149,0.032242,0.00711044,-0.0147845,0.00278783
0.0367663,0.262994,2.06216,0.0298862,-0.0245765,0.0133112,0.00451452,-0.0166695,-9.38773e-05
0.0362387,0.263588,2.06234,0.0216105,-0.029931,0.00911316,0.00977473,-0.0115329,0.00376785
0.0357789,0.263911,2.06262,0.00704119,-0.0152225,0.0209479,0.0162333,-0.00508752,0.000510693
0.0355979,0.264099,2.06302,0.00450523,-0.00376656,0.0203912,0.0139988,-0.00145763,-0.00633746
0.0355147,0.264371,2.06334,0.012212,-0.00125772,0.013531,0.0128456,-0.00372788,-0.013501
0.0355147,0.264918,2.06359,0.0301114,0.00470399,0.0167983,0.0165586,0.00272086,-0.0138882
0.0357588,0.265589,2.06406,0.0320694,0.0246818,0.0327961,0.0143763,0.0114248,-0.0107611
0.0363358,0.266311,2.06494,0.0371634,0.0502362,0.0560448,0.0186791,0.00795534,-0.00593537
0.0372228,0.267138,2.06609,0.038509,0.0515975,0.0585312,0.00817329,0.0104473,0.00754815
0.0376357,0.267775,2.06718,0.0261263,0.012633,0.0518781,-0.00103796,0.00514117,0.0181683
0.0374673,0.26825,2.06798,0.0228592,-0.00578291,0.0316241,0.00111262,0.000136614,0.017774
0.0374301,0.268401,2.06854,-0.0031498,0.0153979,0.0319845,-0.00458727,0.0107648,0.0183457
0.0377807,0.268075,2.06925,-0.0257285,0.0240771,0.0393075,0.000900529,0.00958115,0.0206928
0.037903,0.267603,2.07007,-0.0180012,0.00429609,0.0398088,0.00021337,0.00813341,0.0146335
0.0375471,0.267563,2.07096,0.0107461,-0.0101426,0.0462084,-0.00302989,0.00663078,0.00702745
0.0371315,0.267918,2.07199,0.0131259,-0.000961599,0.05133,0.00213492,0.00540158,0.010809
0.0367014,0.26769,2.07302,-0.0410031,-0.0166269,0.0482878,-0.00561633,0.00997278,0.0220999
0.0356113,0.266596,2.07391,-0.0634127,-0.0591881,0.0314623,-0.0025924,-0.00647902,0.00551987
0.0345673,0.265612,2.07439,-0.0288483,-0.0265794,0.014446,-0.00472284,-0.0121888,-0.0278624
0.0344735,0.265498,2.07465,0.0119674,0.0182121,0.0184871,-0.00806664,0.000198245,-0.0366337
0.0348626,0.265998,2.0753,0.0314165,0.0413419,0.0438419,0.0023964,-0.00111997,-0.0236859
0.0356519,0.266695,2.07616,0.0312612,0.0551354,0.0414011,-0.00787961,-0.00517792,-0.00520402
0.0362696,0.267377,2.07681,0.0314123,0.0220002,0.0238202,-0.0159453,-0.00880745,0.0145683
0.0361821,0.267948,2.07709,0.0247592,-0.0130904,0.000491116,-0.011461,-0.0135063,0.0229961
0.0358646,0.268141,2.07685,-0.0016418,-0.0272866,-0.0245343,-0.0203696,-0.00775075,0.0275337
0.0353739,0.267746,2.07611,-0.034418,-0.0408561,-0.0450164,-0.0111723,-0.00849742,0.023123
0.0347022,0.266873,2.07512,-0.0491446,-0.0448818,-0.0518334,-0.00369707,-0.00262558,0.0076291
0.0340654,0.266083,2.07413,-0.0346082,-0.0405715,-0.0455095,0.000571903,0.00126594,-0.0152131
0.0334635,0.265889,2.07338,0.00844699,-0.0203934,-0.0322462,0.00668949,0.0016585,-0.0310879
0.0337491,0.26647,2.07273,0.0365871,0.0327774,-0.0281998,0.00368788,0.00266191,-0.026474
0.0346055,0.267158,2.07222,0.0217687,0.031629,-0.01764,0.00932301,0.00483593,-0.000407875
0.0350331,0.267393,2.07202,0.00979689,0.00825984,-0.00629954,0.0116137,-0.000506788,0.0142558
0.03495,0.267501,2.0718,0.00945392,-0.0234182,-0.0170529,0.00163933,-0.00203493,0.0127956
0.0343384,0.267559,2.07122,0.00520863,-0.0401363,-0.0372379,0.00175636,-0.00677079,0.00488156
0.0343153,0.267634,2.07042,0.0046214,0.0137871,-0.0397586,0.00362563,-0.000960827,-0.00627649
0.034943,0.267509,2.06961,-0.0139568,0.013483,-0.0296819,0.00300414,0.0116898,0.00255525
0.0350385,0.267375,2.06924,0.00158774,-0.00762858,-0.0153397,0.0107692,0.00207007,-0.00437075
0.0353471,0.267631,2.06873,0.0110104,0.023209,-0.0376164,-0.00266366,0.00196627,-0.000786781
0.0360665,0.267556,2.06788,-0.0178996,0.0182058,-0.0412285,-0.000672225,0.00459436,0.0171527
0.0363877,0.266851,2.06703,-0.0429246,-0.017968,-0.0428248,0.0100741,0.00455481,0.017465
0.036164,0.265852,2.0661,-0.0520608,-0.0259522,-0.0451091,0.00365788,0.00562045,0.0030719
0.0360956,0.265097,2.06529,-0.0160718,0.000928122,-0.0335608,0.00527309,0.00440374,-0.0188531
0.0366918,0.265272,2.06464,0.0310149,0.0437201,-0.0244627,0.00486767,0.00837272,-0.0276328
0.0379267,0.266025,2.06435,0.0388575,0.058224,-0.000612551,0.00646131,0.0091601,-0.00826716
0.0389087,0.266685,2.06438,0.0279052,0.0324385,0.000925316,-0.003283,0.00589046,0.0111152
0.0393415,0.26702,2.06411,0.00964576,0.00310725,-0.0283309,-0.00827432,-0.00291109,0.0224699
0.0395258,0.266818,2.0633,-0.017416,-0.000810396,-0.0470132,-0.00708074,-0.00209889,0.0252322
0.0395258,0.266818,2.0633,-0.017416,-0.000810396,-0.0470132,-0.00708074,-0.00209889,0.0252322
0.0399272,0.266052,2.06229,-0.0459161,0.00878897,-0.0494386,-0.00471386,0.00350952,0.0236484
0.0400958,0.26494,2.06136,-0.0550813,-0.0219199,-0.0469173,-0.000890307,0.00315428,0.0138929
0.0396636,0.264027,2.06038,-0.0376853,-0.0348068,-0.0519581,0.00385053,-0.00274757,-0.00486422
0.0394347,0.263541,2.05924,-0.0185737,-0.0117222,-0.0558161,0.00243366,-0.000180602,-0.0180955
0.0397982,0.263231,2.05826,-0.0132816,0.0234673,-0.0389323,0.0110519,0.00307605,-0.0181968
0.0407345,0.26301,2.05773,-0.00746751,0.0533519,-0.0132246,0.0125876,0.00156486,-0.0127892
0.0417932,0.262911,2.0575,-0.00277573,0.0362295,-0.0102963,0.00210468,-0.0008955,-0.00302482
0.0422091,0.26297,2.05714,0.0108243,-0.000850936,-0.0311012,-0.000355847,-0.016235,-0.00143951
0.0425276,0.263128,2.05625,0.00624111,0.0122173,-0.0549705,-0.00194309,-0.0137777,0.000398338
0.0434483,0.262896,2.05515,-0.0234633,0.0442566,-0.044419,0.00302546,-0.00536546,0.00830925
0.0444625,0.262306,2.05462,-0.0226563,0.028913,-0.0209119,0.00997482,-0.00267017,0.00846511
0.0447521,0.26217,2.05419,0.00416861,-0.00364768,-0.0203283,0.00680988,-0.00736365,0.000873625
0.0446217,0.262477,2.05379,0.0225563,-0.0103165,-0.017516,-0.00139203,-0.00398469,-0.00409842
0.0447172,0.263035,2.05332,0.0232158,0.00353215,-0.027059,0.00201661,-0.00303394,-0.00165325
0.0451867,0.263174,2.05274,-0.0124599,0.0186526,-0.0226658,0.00986611,0.00238004,0.0108482
0.0455203,0.262569,2.05243,-0.0424345,-0.00158477,-0.0115528,0.00639386,0.00573242,0.00911385
0.0453922,0.261878,2.05223,-0.019448,-0.0156369,-0.0111777,0.00852344,-0.00442603,-0.0133457
0.0453857,0.261992,2.05206,0.0267228,0.020072,-0.00227288,0.00486896,0.000734746,-0.0276876
0.0461437,0.262764,2.05213,0.0444063,0.0469864,0.0139607,-0.0015294,0.00639331,-0.0165074
0.0469213,0.263623,2.05244,0.0373814,0.0362556,0.0207898,0.00134725,-0.000421852,0.00473398
0.0474962,0.264169,2.05274,0.0207014,0.0276369,0.00992557,-0.0108734,-0.00134423,0.0169709
0.0479641,0.264375,2.05276,0.010243,0.0154326,-0.00772789,-0.0167693,-0.00489852,0.0200236
0.0482718,0.264471,2.05237,0.00370093,0.0108951,-0.0246068,-0.0122277,-0.00653082,0.0229141
0.0484296,0.264292,2.05176,-0.0245689,-0.014208,-0.0367468,-0.0112682,0.00173476,0.0328106
0.0478789,0.263327,2.05095,-0.0696928,-0.0529943,-0.047207,-0.00170086,-0.00291967,0.0282656
0.0469845,0.261811,2.04999,-0.0780422,-0.0505266,-0.0514446,0.0102517,-0.00420043,0.0034768
0.0464838,0.260523,2.04916,-0.0491631,-0.0169045,-0.0310861,0.00933074,0.00561777,-0.022856
0.0465036,0.260078,2.04897,0.000530076,0.0141403,0.00910547,0.0202775,0.00627092,-0.0324775
0.0468267,0.260456,2.04936,0.0223107,0.0215314,0.0272922,0.0108759,0.00683478,-0.0169643
0.0468966,0.260837,2.04994,0.00789161,-0.00139152,0.030828,0.0116675,-0.00683534,0.000237942
0.0468872,0.260816,2.05045,-0.00847106,0.00585935,0.0171458,0.00706809,-0.0108228,0.00511128
0.0470084,0.260462,2.0507,-0.0181028,0.00026973,0.0121664,-0.00269669,-0.00577903,0.00800472
0.0468003,0.260131,2.05097,-0.00927501,-0.0196083,0.0131692,0.00612143,-0.00901285,0.00529146
0.0462372,0.259958,2.05113,-0.0144574,-0.0353388,0.000709912,-0.00116483,-0.00507531,0.00255358
0.0455522,0.259683,2.05111,-0.0122953,-0.0336096,0.0028129,0.00338425,-0.00685233,-0.00840795
0.0453279,0.259774,2.05127,0.0174218,0.018664,0.0150339,0.00683665,-0.000508219,-0.023192
0.0459632,0.260376,2.05169,0.0267713,0.0344744,0.0259508,0.00322448,0.00536853,-0.00741398
0.0460549,0.260798,2.05223,0.00634908,-0.0127667,0.0277933,0.00707775,-0.00238696,0.0158497
0.0452796,0.260592,2.0526,-0.0295694,-0.0466001,0.0053419,-0.00259814,-0.00366977,0.0150368
0.0446609,0.260036,2.05263,-0.0182065,-0.0125926,-0.00232987,0.00347059,-0.00704533,-0.00968039
0.0447849,0.259978,2.05268,0.0136644,0.0253883,0.0123516,0.00533389,0.00368685,-0.0203215
0.0451583,0.260546,2.05327,0.0351545,0.0208565,0.0470224,0.00812329,0.00506037,-0.0117254
0.0451518,0.261437,2.05418,0.0403032,0.00284649,0.0412082,-0.00325841,-0.000503153,0.00447899
0.0449452,0.262153,2.05468,0.0247568,-0.00723723,0.00858168,-0.0129231,-0.00525936,0.0129242
0.0449311,0.26231,2.05453,-0.00547516,0.00487853,-0.0192846,-0.00991692,-0.00672445,0.0172022
0.0453541,0.261794,2.05404,-0.0359036,0.0119832,-0.0262642,-0.00409026,0.000971258,0.0212693
0.0453698,0.261047,2.05362,-0.0347925,-0.0279318,-0.0142445,0.0082912,0.00554413,0.0166703
0.0443855,0.260565,2.05351,-0.0194624,-0.0611653,0.00209454,0.0155986,0.00924414,0.00664419
0.0430749,0.260221,2.05369,-0.0214151,-0.054437,0.0126069,0.011733,0.00863674,-0.00747877
0.0423785,0.259933,2.05402,-0.0110769,-0.00231377,0.0169516,0.0113494,0.00388727,-0.024771
0.0428164,0.259921,2.05437,0.0084832,0.044001,0.0228325,0.00526539,0.00453204,-0.0238552
0.0435263,0.260232,2.05495,0.0240856,0.0282422,0.0405908,0.0110684,0.00237608,-0.00757682
0.0436041,0.260671,2.05569,0.0190862,-0.00572524,0.0353379,0.00603911,-0.00192994,0.00933576
0.0432959,0.260851,2.05624,0.0051579,-0.00704552,0.0173629,-0.00313706,-0.0104836,0.0104619
0.0432959,0.260851,2.05624,0.0051579,-0.00704552,0.0173629,-0.00313706,-0.0104836,0.0104619
0.0432649,0.260807,2.05629,-0.00652932,-0.00118064,-0.0109845,-0.00596097,-0.00897038,0.00942183
0.0432744,0.260584,2.05609,-0.0112396,-0.00906706,-0.00743318,0.005212,-0.00613424,0.00740373
0.0429434,0.260442,2.05605,-0.00825136,-0.0306966,-0.000371762,0.00772728,0.000183105,0.00205243
0.0422172,0.260498,2.05612,0.00775763,-0.0301675,0.0105373,0.0110839,-2.22027e-05,-0.00937623
0.0419936,0.260936,2.05637,0.0270281,0.0229852,0.0155633,0.00703212,0.000905216,-0.0186049
0.0427065,0.261482,2.05658,0.0190767,0.0384968,0.00792218,0.0041375,0.0046216,-0.00096786
0.0430346,0.261487,2.05677,-0.0182658,-0.00986483,0.00966564,0.00914622,0.00197136,0.0171294
0.0425455,0.260965,2.05697,-0.0246795,-0.0301335,0.0101905,0.00813236,-0.000806242,0.00321567
0.042148,0.260777,2.05717,0.0135918,-0.00408744,0.01275,0.00971944,-0.000500172,-0.0213624
0.0423516,0.26132,2.05762,0.0358675,0.0332867,0.0339357,0.00894905,0.00577715,-0.0252644
0.0429546,0.262099,2.05848,0.0368759,0.0388463,0.0483368,0.00558332,0.00306571,-0.0117882
0.0434102,0.262899,2.05941,0.0382356,0.0265941,0.0425892,-0.00299548,-2.20537e-05,-0.000494242
0.043658,0.263706,2.06017,0.0401269,0.0191204,0.0349631,-0.00903895,-0.00118065,0.00703698
0.043932,0.264448,2.06071,0.0376841,0.0151859,0.0236252,-0.0103018,-0.00154796,0.015209
0.0440926,0.265009,2.06103,0.0191835,0.00702621,0.0115002,-0.0116099,0.000321418,0.0247601
0.0439977,0.265037,2.06108,-0.0129998,-0.0208599,-0.00347269,-0.0089088,0.000775427,0.0262216
0.0432425,0.26461,2.06096,-0.0296575,-0.0507376,-0.00820753,-6.78524e-05,1.25468e-05,0.0182779
0.0423103,0.263936,2.0608,-0.0313368,-0.0345567,-0.00432656,0.00244108,0.00227612,-0.00543344
0.0419212,0.263652,2.06083,-0.00092224,0.00110292,0.00337216,0.0030574,0.0058015,-0.02547
0.0421359,0.264106,2.06102,0.0345159,0.0274273,0.0138287,0.000703827,0.00488186,-0.0257344
0.0425233,0.26499,2.0614,0.0400198,0.0191709,0.0201227,0.00519225,0.00130993,-0.0039627
0.0426958,0.265608,2.06183,0.0203285,0.0135025,0.0224146,-0.000979103,-0.000611454,0.0124089
0.0428117,0.265835,2.06214,0.00708482,0.00308845,0.00730677,-0.00421629,-0.00667879,0.0153657
0.0426403,0.265799,2.06212,-0.0034685,-0.0197424,-0.00592169,-0.00804925,-0.00723219,0.0148023
0.0422736,0.265704,2.06191,-0.00504213,-0.0214818,-0.0159712,-0.00339383,-0.00518802,0.00757921
0.0419751,0.265578,2.0615,-0.0117788,-0.0215257,-0.0245793,-0.00481644,-0.00013712,0.000849605
0.0417151,0.26537,2.06104,-0.0111612,-0.0103094,-0.016838,0.00415998,-0.00123742,-0.00502127
0.0418985,0.26544,2.06083,0.0111922,0.0232474,-0.00660873,0.00383127,0.0045366,-0.0118981
0.0424111,0.265776,2.06074,0.0146321,0.0167796,0.00104531,0.000853702,0.00464687,-0.000440836
0.0422935,0.26591,2.06061,-0.00596406,-0.0333617,-0.0122494,0.00118218,0.00102323,0.0149094
0.0415547,0.265502,2.0603,-0.030481,-0.0395139,-0.0184753,0.0028665,-0.00489429,0.00618106
0.0412248,0.264864,2.05997,-0.0227537,0.00331762,-0.0141841,0.00131604,-0.000169277,-0.0162065
0.0417957,0.264654,2.05989,0.010917,0.0432429,0.00434986,0.0021213,0.00138259,-0.0223389
0.0424845,0.265178,2.06008,0.0364993,0.0218601,0.0139426,-0.0026417,-0.000156373,-0.00710791
0.0423931,0.266042,2.06036,0.042079,-0.0189029,0.0102884,-0.0028949,-0.00408345,0.00956076
0.0420799,0.266726,2.06044,0.0227029,-0.00845756,-0.00214404,-0.01229,-0.00179121,0.0186558
0.0420578,0.266868,2.06021,-0.00311136,-0.00348464,-0.0169379,-0.0106497,-0.00250804,0.0234408
0.041959,0.266524,2.0597,-0.0228544,-0.0235092,-0.0326905,-0.00561449,-0.00280944,0.0245578
0.0412406,0.266029,2.05902,-0.0230185,-0.0622611,-0.0368537,-9.04202e-05,-0.000250608,0.0120978
0.0400587,0.265641,2.05831,-0.0175225,-0.0619768,-0.0335041,0.00505795,-0.00138852,-0.00743771
0.0393429,0.265415,2.05772,-0.0058977,-0.0134597,-0.0235629,0.008233,0.00452814,-0.0241054
0.0396926,0.26545,2.05737,0.00945522,0.0390616,-0.0124989,0.0081098,0.0065456,-0.02779
0.0405521,0.265964,2.05726,0.0366105,0.0378202,0.0015169,0.00663043,0.00208214,-0.014805
0.0410253,0.266747,2.05723,0.0379467,0.0060941,0.00132829,0.00645733,-0.00175568,0.00764513
0.0409623,0.267257,2.05725,0.0141271,-0.007752,0.00304347,0.00644728,-0.00307959,0.0196897
0.0409138,0.26726,2.05723,-0.00660409,0.00372933,-0.00150861,0.00077197,-0.00243598,0.0175852
0.0410831,0.267052,2.05724,-0.00418631,0.00585003,-0.00107974,0.00152212,-0.00368884,0.011316
0.0411372,0.267045,2.05717,-0.00130644,-0.0125204,-0.00385853,0.0039876,-0.00358915,0.0101867
0.0405988,0.267048,2.0571,-0.00131283,-0.0443286,0.00142385,0.00739045,-0.00247186,0.00800967
0.0398228,0.267155,2.05722,0.00864956,-0.0173289,0.00663549,0.00777322,0.001293,-0.00807106
0.0399851,0.267431,2.05741,0.0112147,0.0246557,0.0120715,0.0033473,0.00216943,-0.00981331
0.0402792,0.267573,2.05762,-0.00238478,0.00173173,0.00884027,0.00712415,-0.000897855,0.00266522
0.0399239,0.267426,2.05778,-0.0110531,-0.0318623,0.00414522,0.00265846,-0.00526664,0.00200069
0.03944,0.267368,2.05787,0.0105122,-0.00832558,0.00820772,0.00529093,-0.00613084,-0.0165355
0.03944,0.267368,2.05787,0.0105122,-0.00832558,0.00820772,0.00529093,-0.00613084,-0.0165355
0.0397465,0.267835,2.05812,0.038436,0.0480949,0.0169409,-0.00159128,-0.00192675,-0.0248188
0.0409599,0.268832,2.05849,0.057052,0.0621172,0.0194702,-0.00702209,-0.00319305,-0.0100545
0.0417847,0.269945,2.05874,0.0534987,0.0264034,0.00852006,-0.0088571,-0.00846803,0.0127795
0.0421145,0.270851,2.05869,0.0333271,0.017937,-0.00987067,-0.0130555,-0.00689292,0.0259979
0.0425354,0.271102,2.05831,-0.00139415,0.00855485,-0.0306182,-0.0141139,0.00279433,0.0326579
0.042705,0.270775,2.05754,-0.0221815,-0.0114489,-0.0440106,-0.00506465,-0.0028308,0.0296103
0.0425667,0.27014,2.05651,-0.0341092,-0.0218385,-0.0609831,-0.00786838,0.00151631,0.014008
0.0422802,0.269421,2.05524,-0.0372265,-0.0297623,-0.0599676,0.00652897,0.00637704,-0.0011543
0.0420995,0.268705,2.05435,-0.0315957,0.00153854,-0.0289271,0.0197871,0.0134694,-0.0173755
0.0426211,0.268338,2.05416,-0.0058255,0.0456743,0.00235068,0.014413,0.0170368,-0.0271108
0.0437038,0.268609,2.05429,0.0319442,0.0633569,0.00408871,0.00057096,0.0084787,-0.0209716
0.0447658,0.269284,2.05422,0.0338276,0.0418882,-0.00749971,-0.00146628,0.00165188,0.00449991
0.0455312,0.269488,2.05403,-0.00727876,0.0274922,-0.00831933,7.27139e-05,0.00314561,0.0271175
0.0460407,0.268853,2.0539,-0.0385679,0.0110997,-0.0107438,-0.00276021,0.00213745,0.0285758
0.0461643,0.267908,2.05357,-0.0429284,-0.0102133,-0.0284414,-0.0126565,-0.0022383,0.0165222
0.0460649,0.267141,2.05289,-0.0283163,-0.0148625,-0.0423336,-0.0110594,-0.00378644,-0.00118476
0.0462382,0.266626,2.05207,-0.0265928,0.0096504,-0.0399666,-0.0063346,0.00363657,-0.00552773
0.0465393,0.266006,2.05146,-0.0359793,0.00364403,-0.0237685,-0.00370269,0.010484,-0.00373006
0.0467554,0.265439,2.05112,-0.017832,0.0190679,-0.0190536,-0.00542847,0.0066416,-0.0105645
0.0473273,0.265318,2.05067,-0.00117234,0.0238353,-0.02805,-0.0112761,0.00638732,-0.00451618
0.0477137,0.265095,2.05005,-0.0227542,-0.00352894,-0.0302413,-0.00667694,0.00865918,0.0157882
0.0474051,0.264199,2.04949,-0.0602057,-0.0370227,-0.0309307,-0.00544456,0.00857234,0.0202174
0.0467675,0.262864,2.04889,-0.0589423,-0.0307776,-0.0326078,-0.00209944,0.00404921,-0.000188887
0.0467931,0.26201,2.0483,-0.0216605,0.0212773,-0.0294725,-0.00909253,0.00708476,-0.0214683
0.0474225,0.261773,2.04775,-0.00332391,0.0188046,-0.0245837,-0.0068187,0.00819889,-0.00768757
0.04768,0.261515,2.04735,-0.0208031,-0.00647332,-0.0187534,-0.000600621,0.00306672,0.013104
0.0474842,0.260862,2.04693,-0.0382951,-0.0135591,-0.026526,-0.00594342,0.00296938,0.0188816
0.0473837,0.259919,2.04627,-0.0468557,-0.00978689,-0.0447178,-0.00486608,0.00123432,0.0190981
0.0473854,0.258798,2.04545,-0.0548527,-0.0120947,-0.046954,-0.002623,0.00169203,0.0209721
0.0471148,0.257469,2.04448,-0.0764105,-0.0444261,-0.0561093,0.00352742,0.000971407,0.0222847
0.0462486,0.255704,2.04345,-0.0957552,-0.0591957,-0.050788,0.0147347,-0.0019258,0.0109761
0.0454724,0.253749,2.04266,-0.0913347,-0.033474,-0.0380474,0.0184532,0.00167549,-0.0133386
0.0454414,0.252165,2.0422,-0.064929,0.0130584,-0.0150372,0.0182211,0.00250672,-0.0313585
0.0460023,0.251406,2.04217,-0.0179279,0.0340252,0.00601242,0.0171052,-0.000516787,-0.0314845
0.0467274,0.251318,2.04247,0.000467767,0.0420762,0.0219275,0.0147089,-0.0039137,-0.014451
0.0473574,0.251187,2.04297,-0.0193378,0.0264579,0.0259378,0.00942864,-0.00828208,0.00862402
0.0477011,0.250549,2.04344,-0.0403498,0.0125985,0.0184894,0.00377848,-0.0134627,0.0145801
0.0479678,0.249678,2.04374,-0.0405106,0.0189137,0.0114104,-0.000640377,-0.0154201,0.00750452
0.0483895,0.248848,2.04384,-0.0452679,0.0187749,-0.000124991,-0.00328621,-0.0106244,0.00358474
0.0489189,0.247945,2.04401,-0.0438724,0.0339979,0.014126,0.00630708,-0.0131482,-0.00235242
0.0495512,0.247272,2.04442,-0.0289773,0.0348731,0.0241955,0.00617494,-0.00942121,-0.00899279
0.0502338,0.246978,2.04522,-0.0139484,0.050895,0.0502564,0.00621222,-0.0109729,-0.00613105
0.0508721,0.2469,2.04635,-0.0128805,0.0391083,0.0562347,0.00107647,-0.0093396,0.00688773
0.0513125,0.246437,2.04746,-0.045826,0.0288288,0.0505582,-0.00310949,-0.0137099,0.0150049
0.0516893,0.245486,2.04845,-0.0563006,0.0323045,0.0423577,-0.00302856,-0.0168754,0.00879347
0.052158,0.244509,2.04954,-0.0464775,0.0391177,0.0646063,0.000640154,-0.0139477,-0.00373459
0.0527459,0.244033,2.05114,-0.0189175,0.053889,0.0871636,-0.00335351,-0.0111593,-0.00783044
0.0532215,0.243861,2.05305,-0.0197527,0.0417454,0.0932846,-0.0111866,-0.0145147,0.00021255
0.0535609,0.243585,2.05486,-0.0312566,0.0399842,0.0801688,-0.017119,-0.0181092,0.00761628
0.0540885,0.243,2.05656,-0.0434572,0.0525316,0.081461,-0.0165851,-0.013504,0.0120476
0.0546075,0.242168,2.05841,-0.0519826,0.0486549,0.091233,-0.0157562,-0.0124347,0.014646
0.0548881,0.241409,2.06042,-0.040846,0.0295102,0.0951885,-0.0187695,-0.0127902,0.0192223
0.0547639,0.240643,2.06236,-0.0595685,0.0110261,0.0897657,-0.0202154,-0.0118556,0.0276055
0.0547639,0.240643,2.06236,-0.0595685,0.0110261,0.0897657,-0.0202154,-0.0118556,0.0276055
0.054376,0.239266,2.06432,-0.0992288,0.0069257,0.0942357,-0.0113275,-0.010462,0.0335376
0.0539122,0.237167,2.06661,-0.127217,0.00796965,0.117573,-0.00467863,-0.0080307,0.0246113
0.0534491,0.234947,2.06945,-0.112429,0.0123354,0.147294,-0.00573694,-0.00857256,0.0101852
0.0528424,0.233152,2.07281,-0.0917186,0.00630009,0.172272,-0.00658879,-0.0120423,0.0101286
0.0520077,0.231521,2.0765,-0.104519,-0.00448902,0.180397,-0.00883388,-0.0164219,0.0221734
0.0508808,0.229344,2.08038,-0.142026,-0.014084,0.185835,-0.00715339,-0.0221879,0.0303099
0.0496534,0.226484,2.08446,-0.166436,-0.0188175,0.194939,-0.000971574,-0.0266377,0.0262243
0.0483506,0.223419,2.08881,-0.163282,-0.0119573,0.217992,0.0057718,-0.0260704,0.0143046
0.0469032,0.220556,2.09371,-0.157442,-0.026001,0.250717,0.0154224,-0.0225758,0.0153828
0.0450697,0.217734,2.09937,-0.164585,-0.0342286,0.289148,0.0242009,-0.0237896,0.0171613
0.0430079,0.214709,2.10563,-0.179899,-0.0395383,0.311102,0.0259705,-0.0230057,0.0158536
0.0408546,0.211391,2.11254,-0.186031,-0.023235,0.353577,0.0339033,-0.021488,0.0105546
0.0391439,0.208105,2.12044,-0.171577,0.0134051,0.40706,0.0430398,-0.0194837,0.0106338
0.0374456,0.204942,2.12944,-0.184875,-0.0145532,0.464643,0.0482618,-0.0183831,0.0296713
0.0347506,0.201403,2.13958,-0.204963,-0.0491346,0.513528,0.0570843,-0.0344228,0.0367058
0.031729,0.197364,2.15028,-0.235305,-0.028717,0.522177,0.0407611,-0.0393274,0.0239166
0.0294075,0.193078,2.16103,-0.221847,0.00444026,0.528341,0.0484137,-0.0386183,0.00330228
0.0281003,0.189274,2.17242,-0.18916,0.085779,0.591607,0.0741356,-0.0275983,-0.00193495
0.027983,0.186118,2.18547,-0.166022,0.131976,0.68282,0.0892489,-0.00912282,0.0212552
0.0274992,0.183159,2.20045,-0.175437,0.0883514,0.785342,0.107867,-0.00913228,0.0598516
0.0264912,0.180091,2.21735,-0.173546,0.107826,0.865581,0.100817,-0.0150181,0.0669019
0.0251085,0.17727,2.23541,-0.154349,0.0728787,0.910573,0.109641,-0.0258208,0.0806983
0.0227682,0.174786,2.25466,-0.145858,0.031114,0.991814,0.123729,-0.0206063,0.102459
0.0187146,0.172345,2.27584,-0.147273,-0.0905871,1.09474,0.141735,-0.018387,0.117032
0.011504,0.169319,2.29917,-0.183728,-0.227898,1.21448,0.167982,-0.0270611,0.113686
0.00162059,0.165686,2.32468,-0.195878,-0.353838,1.2943,0.16576,-0.0476716,0.0649174
-0.010812,0.161506,2.35118,-0.211658,-0.451929,1.30982,0.148992,-0.0763318,0.00687176
-0.0241082,0.156729,2.37704,-0.223263,-0.445451,1.24132,0.112189,-0.102488,-0.0757152
-0.0354807,0.151386,2.40073,-0.241827,-0.322026,1.11345,0.0983916,-0.115809,-0.153569
-0.0429511,0.145412,2.42194,-0.278296,-0.104157,1.02789,0.114934,-0.117826,-0.196464
-0.0462772,0.139307,2.44215,-0.211485,0.0739354,1.01878,0.151205,-0.115584,-0.221014
-0.0457645,0.136355,2.46278,0.0195775,0.247134,1.03694,0.160375,-0.113167,-0.225728
-0.0428196,0.137622,2.48406,0.178097,0.315306,1.07717,0.156538,-0.095158,-0.133242
-0.0397532,0.140594,2.50626,0.196743,0.28921,1.10639,0.157774,-0.104467,-0.0136247
-0.0378037,0.142977,2.52837,0.12615,0.220303,1.07125,0.138651,-0.11433,0.0624685
-0.0369433,0.144156,2.5496,0.0774211,0.159898,1.03169,0.12078,-0.118596,0.0787045
-0.0376612,0.144866,2.57021,0.076504,0.0697616,1.01611,0.122768,-0.122837,0.07145
-0.0398286,0.14588,2.59075,0.105269,0.0162196,1.01982,0.108792,-0.108589,0.0502393
-0.0427425,0.147547,2.61138,0.147809,-0.00705013,1.0143,0.0945114,-0.112494,0.0218617
-0.0458428,0.1501,2.63156,0.196948,-0.00305312,0.969457,0.0775991,-0.123778,-0.00501949
-0.0487212,0.153583,2.65067,0.239999,0.00511109,0.906527,0.0668513,-0.128407,-0.0210153
-0.0513463,0.157954,2.66865,0.284307,0.0109392,0.855501,0.068797,-0.125463,-0.0309164
-0.0540178,0.163008,2.68573,0.305532,-0.00814703,0.809273,0.0747297,-0.123647,-0.0354019
-0.05721,0.168041,2.70192,0.271786,-0.044404,0.762537,0.0691603,-0.124237,-0.04054
-0.0612476,0.171807,2.7167,0.185608,-0.116375,0.661434,0.0589807,-0.122296,-0.0650013
-0.0663592,0.173504,2.72848,0.0553559,-0.181774,0.484998,0.0357282,-0.113956,-0.119523
-0.0711987,0.172974,2.73644,-0.039469,-0.146086,0.315097,0.0363704,-0.0840065,-0.20562
-0.0729155,0.17201,2.74227,0.014108,0.106765,0.287921,0.0705552,-0.0311689,-0.289485
-0.0680054,0.17414,2.74936,0.269213,0.505158,0.416695,0.0981448,0.0283793,-0.321722
-0.0568443,0.181717,2.76023,0.541343,0.765993,0.609304,0.0920111,0.0846795,-0.207324
-0.0440457,0.193245,2.77467,0.660944,0.739572,0.741555,0.0689078,0.083493,-0.0225714
-0.0349336,0.205755,2.79082,0.631257,0.495584,0.785364,0.0273691,0.078986,0.12278
-0.0311159,0.216614,2.80711,0.50296,0.243848,0.773977,-0.0185663,0.0926396,0.194527
-0.0311069,0.225052,2.82306,0.40335,0.135573,0.752457,-0.0403153,0.0994996,0.188682
-0.0311069,0.225052,2.82306,0.40335,0.135573,0.752457,-0.0403153,0.0994996,0.188682
-0.0313469,0.232289,2.83811,0.369474,0.185322,0.686743,-0.080767,0.11523,0.152031
-0.0304425,0.239109,2.85154,0.341574,0.201636,0.603852,-0.107269,0.136175,0.143218
-0.0301973,0.244728,2.86325,0.244274,0.0869127,0.522504,-0.113255,0.149519,0.154148
-0.0330078,0.247867,2.8731,0.0912202,-0.135967,0.425419,-0.110982,0.156958,0.145897
-0.0391589,0.247696,2.8806,-0.0890265,-0.268427,0.298167,-0.13595,0.174233,0.0870839
-0.0454158,0.24398,2.88482,-0.257376,-0.232293,0.131035,-0.161251,0.190938,-0.00444758
-0.0486738,0.238134,2.88592,-0.309477,-0.0424734,0.0154944,-0.12763,0.19083,-0.0897195
-0.0468895,0.232218,2.88586,-0.268065,0.218074,0.0315724,-0.0553531,0.199192,-0.112201
-0.0408427,0.227799,2.88777,-0.163982,0.409524,0.185782,0.00376583,0.212742,-0.0677996
-0.033989,0.225124,2.89329,-0.0966377,0.358802,0.359228,0.0219251,0.197088,0.038672
-0.0306014,0.222906,2.90174,-0.109362,0.171151,0.457761,0.0197688,0.131618,0.133311
-0.0304176,0.219847,2.91092,-0.184486,0.0729618,0.427606,-0.0149052,0.0691997,0.172074
-0.0308488,0.214472,2.91847,-0.34147,0.0692507,0.330787,-0.0195301,0.0113087,0.190552
-0.0305874,0.205709,2.92393,-0.514078,0.0553224,0.242742,-0.00439437,-0.0243463,0.186878
-0.0312432,0.194245,2.92847,-0.607975,-0.039251,0.249779,0.0324359,-0.0465834,0.156572
-0.0342793,0.181858,2.93352,-0.603423,-0.161082,0.299731,0.0493934,-0.0452328,0.104819
-0.0389984,0.17021,2.94003,-0.537677,-0.193244,0.379486,0.0619542,-0.0656873,0.0407385
-0.0438738,0.159747,2.94767,-0.481531,-0.166036,0.414997,0.0574309,-0.0894663,-0.00500029
-0.0480507,0.150207,2.95592,-0.436291,-0.119201,0.444719,0.0579589,-0.115402,-0.0364795
-0.0510322,0.141632,2.96468,-0.375793,-0.0458815,0.467644,0.0555958,-0.134492,-0.0660046
-0.0524355,0.134549,2.97408,-0.279298,0.0343129,0.505556,0.0500457,-0.14346,-0.0843441
-0.0523816,0.129691,2.98441,-0.150231,0.0987321,0.541483,0.0461043,-0.153707,-0.086098
-0.05153,0.127316,2.99533,-0.0391997,0.121263,0.552163,0.0342751,-0.162502,-0.0631823
-0.0505275,0.126477,3.00619,-0.000499088,0.107894,0.523925,0.0224842,-0.167775,-0.0297156
-0.049788,0.125863,3.01626,-0.0173584,0.101609,0.477042,0.0200006,-0.17406,-0.0192257
-0.0488944,0.124974,3.02524,-0.0234585,0.115456,0.423496,0.0334486,-0.174622,-0.044019
-0.0472151,0.124373,3.03341,-0.00201316,0.148751,0.393294,0.0602607,-0.171083,-0.0856277
-0.0452788,0.123745,3.04141,-0.038257,0.142752,0.413326,0.0965377,-0.146758,-0.104565
-0.0435762,0.121733,3.05026,-0.124807,0.147059,0.476826,0.1293,-0.124753,-0.138332
-0.0409992,0.117508,3.05968,-0.277781,0.222056,0.465541,0.112116,-0.108257,-0.192286
-0.0369024,0.109677,3.06814,-0.469143,0.287408,0.398763,0.0873621,-0.0879606,-0.26372
-0.0317881,0.0991342,3.07536,-0.535198,0.283161,0.369968,0.113231,-0.081738,-0.34904
-0.0268338,0.0888249,3.08314,-0.476189,0.290222,0.451785,0.146766,-0.0293187,-0.415052
-0.0214975,0.0789932,3.09362,-0.497193,0.334478,0.636101,0.160909,0.0508806,-0.416267
-0.0153182,0.0692231,3.10865,-0.418521,0.404914,0.870164,0.144736,0.0902249,-0.431604
-0.00755325,0.0633465,3.12686,-0.130235,0.481308,0.941283,0.0869295,0.0904342,-0.455495
0.00234064,0.0642612,-3.13705,0.245825,0.650446,1.01328,0.099776,0.0793536,-0.404884
0.0160241,0.07364,-3.11545,0.662578,0.87017,1.15558,0.126949,0.108058,-0.26387
0.0330404,0.0902546,-3.09159,0.908356,1.00116,1.27347,0.107481,0.156096,-0.0643824
0.0489485,0.109817,-3.06548,0.90896,0.794861,1.41411,0.0892899,0.163734,0.126483
0.0565667,0.12807,-3.03725,0.749378,0.27292,1.46157,0.0440089,0.164494,0.226003
0.0535207,0.14249,-3.00979,0.542282,-0.154991,1.32146,-0.0198567,0.151866,0.208449
0.046211,0.152748,-2.98623,0.383466,-0.151567,1.05753,-0.0517297,0.122461,0.0943267
0.0432915,0.160662,-2.96793,0.348926,0.164929,0.806018,-0.043865,0.12689,-0.0150544
0.0474915,0.168838,-2.95306,0.417269,0.484551,0.743954,0.0196076,0.170326,-0.0333667
0.0558978,0.17913,-2.93728,0.539337,0.584238,0.888614,0.078738,0.220196,0.0316414
0.0626006,0.192297,-2.91818,0.662782,0.422086,1.06477,0.0815835,0.233518,0.119767
0.0651414,0.207533,-2.89644,0.712516,0.273032,1.14691,0.0596535,0.209891,0.190487
0.0653945,0.223024,-2.87442,0.686102,0.245218,1.09018,0.00908542,0.17963,0.239094
0.0665192,0.237346,-2.85435,0.604548,0.32992,0.950956,-0.00996499,0.164094,0.275572
0.0693778,0.249358,-2.8369,0.474411,0.372197,0.839763,0.00400413,0.166856,0.317448
0.0720301,0.258247,-2.82063,0.296955,0.287945,0.815115,0.0359942,0.189041,0.358009
0.0722484,0.263545,-2.80371,0.118591,0.156735,0.859357,0.0454648,0.205893,0.365496
0.0692284,0.265826,-2.78569,-0.00168111,0.013997,0.894232,0.0447678,0.191539,0.332224
0.0692284,0.265826,-2.78569,-0.00168111,0.013997,0.894232,0.0447678,0.191539,0.332224
0.0631548,0.266093,-2.76717,-0.095921,-0.139278,0.891719,0.0450806,0.164499,0.290107
0.054191,0.263908,-2.74875,-0.234079,-0.265228,0.874367,0.0447414,0.143012,0.244066
0.0436112,0.258811,-2.73079,-0.345552,-0.291702,0.831171,0.0304407,0.119365,0.161714
0.0347954,0.25206,-2.71416,-0.39288,-0.174401,0.753,0.0342735,0.0828492,0.0640519
0.0284588,0.244451,-2.69921,-0.415424,-0.0868499,0.682126,0.0411623,0.0624279,-0.00273305
0.023814,0.236171,-2.68542,-0.451,-0.0702337,0.649828,0.048947,0.0450168,-0.0506024
0.0188914,0.227268,-2.67177,-0.463437,-0.109105,0.66775,0.0699133,0.0353139,-0.0973146
0.0133,0.218427,-2.65783,-0.439973,-0.13523,0.677477,0.0582444,0.0267375,-0.160779
0.0077598,0.210407,-2.64409,-0.377985,-0.13873,0.653126,0.0310161,0.0089834,-0.22208
0.00230877,0.203457,-2.6312,-0.325899,-0.134896,0.603395,0.00954911,-0.0109409,-0.266951
-0.00241582,0.197217,-2.61977,-0.308335,-0.115805,0.513582,-0.0228691,-0.0223356,-0.298394
-0.00669731,0.190619,-2.61055,-0.363818,-0.149294,0.399332,-0.0369422,-0.0366841,-0.299125
-0.0112175,0.182179,-2.6037,-0.481015,-0.170337,0.278696,-0.0530401,-0.0448247,-0.305521
-0.0153768,0.171346,-2.59973,-0.605072,-0.185979,0.117554,-0.087327,-0.0468224,-0.320806
-0.0197347,0.157915,-2.59954,-0.741384,-0.262433,-0.0718783,-0.0944191,-0.054945,-0.34018
-0.0249226,0.142184,-2.60286,-0.822334,-0.282219,-0.20746,-0.0793507,-0.0569637,-0.393715
-0.028854,0.126606,-2.60825,-0.715629,-0.165101,-0.275749,-0.0539463,-0.0465376,-0.462518
-0.0282592,0.115502,-2.61394,-0.381462,0.185016,-0.239209,-0.0321136,-0.0235339,-0.500056
-0.0200771,0.112414,-2.61763,0.0663712,0.571225,-0.110649,-0.0290012,0.0169324,-0.420117
-0.00704597,0.117436,-2.6185,0.409802,0.673142,0.0166381,-0.0472171,0.0427493,-0.222305
0.00544809,0.127657,-2.6171,0.590745,0.581218,0.114504,-0.0788596,0.0436926,-0.0391882
0.0148985,0.13997,-2.61455,0.623113,0.38072,0.143196,-0.137097,0.0498071,0.0873545
0.0193036,0.152039,-2.61192,0.573927,0.0947052,0.128817,-0.190222,0.0498758,0.149611
0.0184098,0.162646,-2.6105,0.479831,-0.144351,0.010912,-0.266289,0.0486794,0.151537
0.014593,0.171009,-2.61271,0.360917,-0.249503,-0.235785,-0.334021,0.0406751,0.126163
0.011629,0.177138,-2.62098,0.272162,-0.165142,-0.57791,-0.363376,0.0260509,0.0946677
0.0126964,0.181861,-2.63577,0.227608,0.00313894,-0.846817,-0.320501,0.0392734,0.0948036
0.0172287,0.185969,-2.654,0.212368,0.0951988,-0.918212,-0.239084,0.0868002,0.139686
0.0222908,0.189826,-2.67217,0.218078,0.0766181,-0.853264,-0.188331,0.122419,0.190396
0.0257529,0.194435,-2.68872,0.28565,-0.0700784,-0.772744,-0.161358,0.112753,0.226834
0.0256835,0.200436,-2.70444,0.345899,-0.240029,-0.765537,-0.171422,0.0961148,0.259259
0.0230854,0.207089,-2.72054,0.354124,-0.321828,-0.809451,-0.187889,0.084213,0.273142
0.0205051,0.213528,-2.73799,0.324793,-0.291823,-0.890643,-0.197132,0.0799658,0.286746
0.0196001,0.219277,-2.75702,0.285792,-0.208144,-0.957383,-0.183787,0.0818737,0.303504
0.0201901,0.224098,-2.77725,0.235504,-0.182628,-1.01443,-0.175293,0.0837989,0.327992
0.0207259,0.227821,-2.79877,0.168018,-0.262665,-1.07966,-0.161028,0.075556,0.352248
0.0187688,0.229793,-2.82136,0.0659188,-0.45279,-1.12768,-0.124918,0.05819,0.360551
0.0134337,0.229403,-2.84508,-0.0736681,-0.625268,-1.19053,-0.103291,0.0499056,0.33341
0.00505843,0.226152,-2.86994,-0.222759,-0.767284,-1.23417,-0.075944,0.0406962,0.2676
-0.00548179,0.220914,-2.89526,-0.286581,-0.823106,-1.241,-0.0325238,0.0207877,0.159094
-0.0156117,0.215087,-2.92067,-0.323339,-0.742406,-1.24257,-0.00247942,0.00414309,0.0588548
-0.0240197,0.208299,-2.94588,-0.424983,-0.639029,-1.21294,0.0333249,-0.00163889,-0.00108516
-0.0309624,0.198658,-2.97038,-0.606518,-0.55907,-1.16924,0.0677021,-0.0266302,-0.0575063
-0.036744,0.18574,-2.99436,-0.760955,-0.479499,-1.14582,0.0958573,-0.064319,-0.141841
-0.0418227,0.170269,-3.01806,-0.879382,-0.449299,-1.12356,0.14315,-0.0846264,-0.240375
-0.0462181,0.152858,-3.04061,-0.947478,-0.347048,-1.01692,0.190545,-0.100407,-0.352864
-0.0488091,0.135483,-3.06033,-0.858584,-0.179612,-0.843594,0.222247,-0.1019,-0.469069
-0.0478776,0.121604,-3.07562,-0.585403,0.0976583,-0.595766,0.253667,-0.109805,-0.564217
-0.0416763,0.113561,-3.08503,-0.263823,0.415307,-0.297719,0.264189,-0.110224,-0.583293
-0.0307953,0.11144,-3.08803,0.0287346,0.60927,-0.00395554,0.248419,-0.12048,-0.521887
-0.0187224,0.113882,-3.08596,0.202541,0.597056,0.189473,0.191513,-0.125927,-0.398604
-0.00851339,0.118851,-3.08113,0.301775,0.490754,0.272075,0.128479,-0.129079,-0.306498
0.000236976,0.126138,-3.07522,0.447948,0.473618,0.316317,0.0908904,-0.108678,-0.267436
0.00940131,0.137328,-3.06806,0.684137,0.545542,0.418438,0.0940504,-0.0630851,-0.220777
0.00940131,0.137328,-3.06806,0.684137,0.545542,0.418438,0.0940504,-0.0630851,-0.220777
0.0196882,0.153575,-3.05823,0.917817,0.60617,0.581708,0.0879972,-0.00448349,-0.131392
0.0287606,0.173515,-3.04561,1.02884,0.474913,0.705483,0.0624039,0.0320513,-0.00812966
0.0325802,0.194454,-3.03156,1.00478,0.148878,0.724778,0.0380468,0.033578,0.0915183
0.0298474,0.213915,-3.01855,0.896454,-0.122532,0.598261,0.00658855,0.024986,0.123058
0.0251072,0.230655,-3.00886,0.756548,-0.0894341,0.394967,-0.0193586,0.0391162,0.105656
0.0240665,0.244778,-3.00294,0.654917,0.1335,0.227772,-0.010499,0.0846111,0.10022
0.027962,0.25713,-2.99957,0.576109,0.316205,0.146665,0.0310205,0.127017,0.145304
0.0339967,0.268077,-2.99674,0.519611,0.334294,0.173794,0.0802,0.153397,0.218714
0.0389496,0.278292,-2.99296,0.488675,0.262304,0.223671,0.10622,0.165918,0.280453
0.0422385,0.287725,-2.9883,0.430501,0.200797,0.262779,0.115012,0.168949,0.332762
0.0447033,0.29558,-2.98312,0.323507,0.210345,0.254629,0.113393,0.163716,0.371663
0.0478642,0.300788,-2.97833,0.166528,0.241416,0.231859,0.115298,0.153054,0.403228
0.0512496,0.302323,-2.97367,-0.0408011,0.229555,0.223897,0.133057,0.14776,0.424433
0.0537654,0.299774,-2.96845,-0.233298,0.158445,0.273094,0.157153,0.146912,0.418927
0.0535701,0.294296,-2.96113,-0.337228,0.0329154,0.407393,0.184231,0.141079,0.369452
0.0498197,0.287958,-2.95043,-0.341431,-0.0829769,0.586127,0.208477,0.127424,0.296381
0.0441044,0.28208,-2.93636,-0.313567,-0.0929121,0.730157,0.199718,0.106509,0.221935
0.037562,0.276432,-2.91993,-0.327209,-0.106861,0.819328,0.186453,0.0827244,0.164344
0.0301442,0.269886,-2.90215,-0.392397,-0.168865,0.870811,0.175328,0.0500382,0.105041
0.0210307,0.261787,-2.88341,-0.468411,-0.245623,0.928748,0.185834,0.0331452,0.0234088
0.0107975,0.251942,-2.86311,-0.547506,-0.248736,1.0308,0.187572,0.0333581,-0.0744272
0.000751312,0.240855,-2.84087,-0.568971,-0.211942,1.11451,0.149676,0.0265734,-0.182125
-0.00843593,0.229557,-2.81829,-0.555137,-0.191739,1.07249,0.0707298,0.00180727,-0.282417
-0.017242,0.218211,-2.79752,-0.569166,-0.240113,0.966366,0.030733,-0.0434652,-0.355066
-0.0262932,0.205943,-2.7791,-0.622961,-0.268613,0.870594,0.016915,-0.0642022,-0.416855
-0.034905,0.19302,-2.76226,-0.603699,-0.24302,0.830644,0.00798947,-0.05279,-0.485004
-0.0418996,0.181508,-2.74597,-0.483292,-0.164285,0.826285,0.000839695,-0.0429823,-0.535403
-0.0475202,0.17257,-2.72972,-0.344795,-0.118269,0.815102,-0.0102864,-0.0463946,-0.531484
-0.0521516,0.165913,-2.71402,-0.254348,-0.0747318,0.758648,-0.0396524,-0.062859,-0.487119
-0.0550053,0.160461,-2.7,-0.219072,0.0267424,0.644921,-0.0979046,-0.0685439,-0.426693
-0.0544351,0.156007,-2.68924,-0.156188,0.19613,0.435109,-0.163934,-0.0694937,-0.371899
-0.0499774,0.153819,-2.68273,-0.0193914,0.333019,0.233751,-0.186305,-0.0436098,-0.304819
-0.0431611,0.155081,-2.67905,0.177528,0.412478,0.14323,-0.169559,-0.00418536,-0.230267
-0.0347604,0.161012,-2.67605,0.432498,0.465726,0.139565,-0.16081,0.040353,-0.158093
-0.0257907,0.172106,-2.67265,0.68352,0.489071,0.161283,-0.190124,0.0929343,-0.0716504
-0.016916,0.187415,-2.66905,0.843682,0.45061,0.149411,-0.24307,0.129283,0.0252715
-0.00933212,0.204699,-2.66668,0.86794,0.336612,0.0487257,-0.307284,0.161234,0.125747
-0.00425648,0.220764,-2.66716,0.723036,0.161142,-0.116478,-0.346082,0.179577,0.216994
-0.00130625,0.232822,-2.6717,0.475676,0.0596854,-0.336064,-0.358272,0.184353,0.27586
0.00208674,0.239887,-2.68088,0.240939,0.0761492,-0.552255,-0.337705,0.18231,0.307972
0.00741066,0.242918,-2.69385,0.0828579,0.137007,-0.697569,-0.276892,0.179531,0.330141
0.0138372,0.243477,-2.70866,0.00268195,0.133942,-0.728588,-0.197953,0.173085,0.355667
0.0190544,0.242974,-2.72327,-0.0236179,0.00775522,-0.681259,-0.130188,0.15273,0.376716
0.019839,0.242341,-2.73608,-0.00708302,-0.259402,-0.563609,-0.0661789,0.125963,0.38433
0.0147709,0.2424,-2.74679,0.0280658,-0.483371,-0.492155,-0.0460158,0.0903442,0.363451
0.00668135,0.242888,-2.75692,0.0197692,-0.55455,-0.503149,-0.0620882,0.0635663,0.326018
-0.00188042,0.24291,-2.76779,-0.0154537,-0.562452,-0.561786,-0.064398,0.0445139,0.289183
-0.00946711,0.242319,-2.78034,-0.0474995,-0.490836,-0.658855,-0.0724747,0.0316871,0.237831
-0.0150961,0.241341,-2.79466,-0.0643578,-0.422698,-0.723847,-0.0590267,0.033911,0.203742
-0.0194438,0.240111,-2.80972,-0.0849496,-0.378403,-0.740725,-0.0333613,0.0398584,0.181898
-0.0230518,0.238419,-2.82501,-0.118621,-0.341788,-0.748885,-0.0253318,0.0447754,0.170093
-0.0253301,0.236041,-2.84076,-0.159127,-0.261394,-0.785664,-0.0272243,0.0319048,0.152013
-0.0261734,0.232444,-2.85763,-0.252267,-0.212102,-0.853018,-0.0286716,0.0212495,0.144206
-0.0258128,0.226475,-2.87593,-0.394324,-0.196384,-0.908805,-0.0121722,0.00162844,0.130679
-0.0258128,0.226475,-2.87593,-0.394324,-0.196384,-0.908805,-0.0121722,0.00162844,0.130679
-0.0261146,0.218187,-2.89468,-0.4688,-0.246599,-0.895475,0.0221204,-0.0188158,0.0817326
-0.0276032,0.20932,-2.91235,-0.458949,-0.2682,-0.802713,0.0631759,-0.0252984,0.0124525
-0.029328,0.201033,-2.92739,-0.4043,-0.190671,-0.64599,0.0848093,-0.0347694,-0.0635446
-0.0295932,0.194086,-2.93921,-0.328451,-0.0803879,-0.502436,0.0854299,-0.0598008,-0.115229
-0.0286876,0.188411,-2.94855,-0.269864,-0.0221978,-0.412363,0.071511,-0.101337,-0.13773
-0.0277539,0.183604,-2.9566,-0.234881,-0.0367845,-0.37203,0.049516,-0.130506,-0.160009
-0.0271166,0.179643,-2.96384,-0.170742,-0.0282854,-0.335534,0.0337876,-0.147341,-0.205831
-0.0257791,0.177607,-2.97037,-0.0422905,0.0652206,-0.303875,0.0307571,-0.161903,-0.265493
-0.0215721,0.178493,-2.97621,0.115227,0.271778,-0.276781,0.0256681,-0.174825,-0.301471
-0.0132896,0.181932,-2.98168,0.19856,0.435559,-0.272476,0.0178764,-0.176828,-0.274846
-0.00366141,0.185769,-2.98713,0.166609,0.407477,-0.26566,0.0296451,-0.177526,-0.21434
0.00438785,0.188201,-2.99278,0.0690497,0.286451,-0.298765,0.0312274,-0.178859,-0.191114
0.0106596,0.188124,-2.99958,-0.0836049,0.223992,-0.378865,0.0398674,-0.188823,-0.225859
0.0156965,0.184273,-3.00861,-0.295757,0.118968,-0.51393,0.0463527,-0.182751,-0.292167
0.0196947,0.176459,-3.01927,-0.433221,0.0852819,-0.52291,0.085425,-0.161049,-0.399859
0.0238169,0.168808,-3.02855,-0.25978,0.206633,-0.389756,0.143379,-0.117928,-0.517469
0.0320059,0.167479,-3.03399,0.172799,0.543595,-0.127485,0.177294,-0.0385489,-0.552278
0.0468247,0.176321,-3.03298,0.709076,0.9329,0.278408,0.216812,0.0295809,-0.439801
0.065105,0.19528,-3.02413,1.10648,1.01418,0.691661,0.20194,0.0697431,-0.186948
0.0807344,0.220625,-3.00861,1.28163,0.837673,0.98741,0.140806,0.0690745,0.0585964
0.0892644,0.247497,-2.98927,1.19481,0.442872,1.0888,0.0699425,0.0399453,0.229539
0.0876869,0.271184,-2.96984,1.01161,-0.0985024,0.976509,-0.00808021,-0.00600794,0.283331
0.0764862,0.290796,-2.9538,0.810326,-0.541081,0.69681,-0.0493693,-0.0470257,0.243744
0.0615524,0.305431,-2.94384,0.574434,-0.616119,0.368883,-0.0607264,-0.04094,0.175514
0.048018,0.314732,-2.93921,0.332058,-0.573902,0.13373,-0.0283231,-0.00591385,0.148117
0.0381997,0.31978,-2.93778,0.201807,-0.349619,0.0523706,0.0189672,0.0526846,0.138843
0.0331127,0.324109,-2.93658,0.248173,-0.141811,0.0886091,0.0542799,0.0992264,0.145032
0.0308641,0.330188,-2.93361,0.337789,0.00561813,0.219377,0.103834,0.139437,0.210301
0.0296043,0.337486,-2.92767,0.367153,0.0532117,0.364237,0.114999,0.151169,0.277268
0.0278317,0.345106,-2.91906,0.367648,0.0579945,0.457771,0.110882,0.148874,0.330385
0.025612,0.352304,-2.90949,0.324791,0.0453185,0.455892,0.097271,0.141235,0.369913
0.0228357,0.358173,-2.90006,0.232185,-0.0091016,0.448323,0.0990834,0.142632,0.39534
0.0184044,0.361864,-2.89035,0.124858,-0.0789562,0.478681,0.112274,0.146452,0.399939
0.0129896,0.363733,-2.87966,0.0566275,-0.084537,0.519036,0.105079,0.14318,0.363375
0.00706653,0.364338,-2.86824,-0.00599452,-0.111661,0.551622,0.101231,0.12339,0.31129
-0.000152439,0.363402,-2.85639,-0.0976859,-0.203184,0.557948,0.121282,0.076983,0.243668
-0.0103069,0.360154,-2.84445,-0.225817,-0.396117,0.563004,0.150011,0.0415509,0.165728
-0.0235989,0.354073,-2.83253,-0.373166,-0.477686,0.555746,0.15728,0.0124466,0.0456937
-0.0359954,0.344392,-2.82161,-0.567088,-0.36567,0.490904,0.1203,0.00846148,-0.0805231
-0.0445536,0.331096,-2.81296,-0.726303,-0.22153,0.384868,0.0740412,-0.00579154,-0.210541
-0.0503002,0.315389,-2.80655,-0.80074,-0.171018,0.306996,0.060067,-0.0360513,-0.330602
-0.0556068,0.299651,-2.80146,-0.726039,-0.196753,0.27036,0.0723276,-0.0538429,-0.435091
-0.0603556,0.2863,-2.79651,-0.583224,-0.122719,0.290835,0.0662254,-0.0313462,-0.486421
-0.0631166,0.275642,-2.79042,-0.446827,-0.00301719,0.357068,0.0494784,-0.0223756,-0.487404
-0.0643062,0.267774,-2.78305,-0.297321,0.0611076,0.40605,0.0414029,-0.040774,-0.461596
-0.0653215,0.262722,-2.77462,-0.164277,0.0599166,0.434671,0.0272992,-0.0560707,-0.407467
-0.0659632,0.259741,-2.76598,-0.0871211,0.105399,0.411668,-0.00937,-0.0547081,-0.340211
-0.065049,0.257903,-2.75834,-0.0590149,0.18121,0.331182,-0.0485207,-0.0536318,-0.265907
-0.0619775,0.256389,-2.75297,-0.0569124,0.254434,0.191629,-0.0881581,-0.0561189,-0.18904
-0.0573491,0.255204,-2.75077,-0.0446133,0.261677,0.0360179,-0.106373,-0.0512529,-0.125501
-0.0519468,0.255186,-2.75144,0.04602,0.263072,-0.0918645,-0.0988517,-0.0346386,-0.0865757
-0.046021,0.257679,-2.75386,0.193687,0.279222,-0.140992,-0.0767605,-0.00134322,-0.0503666
-0.0399241,0.263195,-2.75628,0.343955,0.272396,-0.110321,-0.0565386,0.0413103,-0.0113106
-0.0399241,0.263195,-2.75628,0.343955,0.272396,-0.110321,-0.0565386,0.0413103,-0.0113106
-0.0348911,0.271272,-2.75746,0.449892,0.170128,-0.036208,-0.0504371,0.0708591,0.0344693
-0.033494,0.28064,-2.75757,0.481054,-0.0282521,-0.0194511,-0.0729249,0.0961995,0.0794954
-0.0352981,0.290044,-2.75786,0.449723,-0.135203,-0.0501042,-0.101575,0.119368,0.0877004
-0.037581,0.297987,-2.75961,0.333428,-0.131914,-0.156615,-0.125049,0.116885,0.11564
-0.0380853,0.303344,-2.76401,0.195341,-0.0340454,-0.274387,-0.12301,0.121086,0.144554
-0.035092,0.306612,-2.77013,0.123538,0.153429,-0.307794,-0.0950916,0.128445,0.169175
-0.029062,0.308971,-2.77623,0.106339,0.233928,-0.274171,-0.0612005,0.133012,0.210256
-0.0236686,0.311402,-2.78098,0.121275,0.13582,-0.185794,-0.00594476,0.126721,0.256585
-0.0219031,0.313629,-2.78393,0.0855242,-0.052716,-0.10385,0.0302476,0.103526,0.290592
-0.0242018,0.314447,-2.7856,-0.0153764,-0.219511,-0.077777,0.0252864,0.0662948,0.299123
-0.0286596,0.313067,-2.78793,-0.128269,-0.278748,-0.152439,-0.00380407,0.0449775,0.276564
-0.0320336,0.309827,-2.79213,-0.203385,-0.162445,-0.230782,-1.44243e-05,0.0428391,0.236032
-0.0323222,0.305384,-2.79696,-0.24482,-0.0130972,-0.190159,0.0418382,0.0548249,0.212145
-0.0302714,0.300905,-2.7996,-0.204399,0.119689,-0.0398661,0.0726843,0.0615515,0.19131
-0.0279178,0.297543,-2.799,-0.129178,0.12843,0.103333,0.0683441,0.0598957,0.185729
-0.0255038,0.295437,-2.79592,-0.0940742,0.212029,0.184756,0.0701878,0.0294853,0.176624
-0.0228115,0.29298,-2.79136,-0.143844,0.166862,0.265592,0.0685447,0.0130804,0.194443
-0.0223037,0.289853,-2.7848,-0.140354,0.0756511,0.363324,0.0732972,-0.0103008,0.171518
-0.0235358,0.28745,-2.77665,-0.0870854,0.0489963,0.419942,0.0546725,-0.0243383,0.135233
-0.0246738,0.285471,-2.76758,-0.104472,0.0933118,0.45703,0.0419375,-0.0420147,0.128717
-0.0250751,0.282487,-2.75798,-0.169753,0.13717,0.467842,0.0333865,-0.071612,0.126399
-0.0245457,0.278175,-2.74873,-0.244312,0.166284,0.435816,0.0198765,-0.0919304,0.131664
-0.0236463,0.272403,-2.73972,-0.313388,0.174307,0.450845,0.0345368,-0.105038,0.130766
-0.0225225,0.265708,-2.73002,-0.324634,0.190687,0.505621,0.0414293,-0.11314,0.111696
-0.0220081,0.259319,-2.71892,-0.289009,0.146749,0.584928,0.0526121,-0.116472,0.103675
-0.0225401,0.253484,-2.70604,-0.271734,0.135514,0.672922,0.0558908,-0.131714,0.10142
-0.0228261,0.247574,-2.69171,-0.290593,0.197671,0.726039,0.042987,-0.142246,0.0946844
-0.0217495,0.241058,-2.67674,-0.332555,0.25634,0.745251,0.0309761,-0.155618,0.0928198
-0.0207944,0.233575,-2.66125,-0.387454,0.181578,0.78634,0.0483196,-0.164829,0.0966125
-0.023031,0.224731,-2.64475,-0.466978,-0.0508379,0.84406,0.0749858,-0.177196,0.0632492
-0.0301058,0.214135,-2.62717,-0.541627,-0.248961,0.901948,0.0870462,-0.177421,-0.0345126
-0.038517,0.201983,-2.60916,-0.635974,-0.184801,0.883619,0.0805256,-0.182322,-0.182311
-0.0435682,0.186408,-2.59303,-0.883499,-0.00555506,0.75477,0.0498037,-0.191211,-0.305778
-0.0445857,0.165361,-2.58032,-1.15127,0.116797,0.602035,0.0581688,-0.203616,-0.428714
-0.0432805,0.141073,-2.56992,-1.18194,0.146358,0.568831,0.117346,-0.177449,-0.565702
-0.0422598,0.119456,-2.55795,-0.905169,0.123526,0.729933,0.182022,-0.105224,-0.674044
-0.0415486,0.103743,-2.54149,-0.620274,0.131837,0.979927,0.191902,-0.0140878,-0.672296
-0.0408373,0.0923792,-2.51975,-0.443754,0.149604,1.22746,0.167162,0.0477531,-0.601682
-0.0398512,0.083813,-2.4936,-0.294698,0.202292,1.41033,0.13722,0.0883993,-0.532957
-0.0354298,0.0797008,-2.4641,0.0310421,0.539253,1.5576,0.125596,0.109279,-0.49582
-0.0222494,0.0840327,-2.43101,0.490363,1.01391,1.74513,0.154844,0.166194,-0.364661
-0.00489612,0.0964949,-2.39348,0.778445,0.968142,2.00695,0.174444,0.230195,-0.111659
0.00553933,0.113227,-2.35078,0.869796,0.475941,2.22687,0.163213,0.246362,0.0943047
0.00393943,0.130603,-2.30628,0.846401,-0.0455244,2.17022,0.0938876,0.214842,0.16152
-0.00303641,0.146815,-2.26404,0.762933,-0.0362808,2.0342,0.0562416,0.220263,0.114772
-0.00728725,0.16069,-2.22476,0.666966,0.263424,1.86104,0.0635897,0.229595,0.0683135
-0.0054932,0.173364,-2.18771,0.637976,0.514789,1.80893,0.116724,0.257702,0.0739539
-0.000186471,0.186036,-2.15086,0.650749,0.637987,1.82839,0.151367,0.286436,0.119922
0.00471383,0.199462,-2.1132,0.686453,0.56659,1.88266,0.172763,0.299338,0.179
0.00764247,0.213603,-2.07459,0.688692,0.550313,1.90662,0.194756,0.292854,0.218044
0.0106978,0.226589,-2.036,0.564519,0.617528,1.88018,0.203016,0.287369,0.247881
0.01549,0.236536,-1.998,0.383063,0.735623,1.84493,0.212298,0.273796,0.244698
0.0219053,0.243167,-1.96083,0.215953,0.79237,1.78638,0.214336,0.261347,0.222468
0.0294594,0.247096,-1.92436,0.0979367,0.853115,1.77506,0.221775,0.255042,0.175688
0.0294594,0.247096,-1.92436,0.0979367,0.853115,1.77506,0.221775,0.255042,0.175688
0.0384938,0.249558,-1.88788,0.0377541,0.94364,1.78016,0.20903,0.266904,0.104489
0.0485418,0.252291,-1.8512,0.095261,0.96953,1.8052,0.193675,0.289875,0.033914
0.0567147,0.259621,-1.81421,0.500528,0.641855,1.78901,0.208979,0.309128,0.0234814
0.0552413,0.270342,-1.7776,0.296208,0.291825,1.8349,0.247741,0.308107,0.0736599
0.0491392,0.274586,-1.73837,-0.0423505,0.211338,1.94223,0.193855,0.308029,-0.000446916
0.0458054,0.274501,-1.69904,-0.0704207,0.538335,1.84502,0.132164,0.319163,-0.163663
0.0487566,0.277438,-1.66125,0.192786,0.736925,1.84886,0.149858,0.341718,-0.23468
